4 0.422656 0.325781 0.101562 0.310938
6 0.127344 0.435156 0.045313 0.039062
6 0.083594 0.437500 0.039062 0.046875
6 0.567969 0.620313 0.095313 0.109375
6 0.625781 0.645313 0.104688 0.115625
6 0.688281 0.680469 0.107813 0.114063
6 0.784375 0.730469 0.137500 0.148438
2 0.715625 0.719531 0.559375 0.329688
1 0.425000 0.457031 0.065625 0.042188
1 0.425781 0.414062 0.054688 0.040625
1 0.430469 0.371875 0.054688 0.043750
7 0.425000 0.324219 0.053125 0.048438
7 0.424219 0.280469 0.048438 0.051563
7 0.426563 0.232031 0.053125 0.051563