4 0.454882 0.079074 0.030208 0.023394
4 0.452346 0.104031 0.028722 0.030621
5 0.452741 0.160529 0.029382 0.029488
5 0.453490 0.188713 0.028743 0.029347
0 0.048337 0.263404 0.047458 0.030619
5 0.452629 0.217307 0.028602 0.028612
0 0.680514 0.215636 0.027515 0.029886
2 0.974366 0.275768 0.045615 0.045850
3 0.536996 0.212077 0.083952 0.089322
4 0.451781 0.132414 0.028632 0.028411
2 0.935524 0.271596 0.047678 0.044163
1 0.445023 0.363997 0.066761 0.072329
1 0.577532 0.366756 0.069237 0.071374
3 0.509916 0.367350 0.067172 0.074480
1 0.645600 0.367384 0.069600 0.074032
3 0.379999 0.362182 0.066649 0.070946
6 0.450206 0.135382 0.058424 0.192935
0 0.709473 0.214881 0.026210 0.025202
2 0.106650 0.271332 0.038306 0.045363
0 0.169409 0.256184 0.034628 0.036318
0 0.132247 0.253650 0.034628 0.031250
0 0.091284 0.257873 0.035473 0.029561
7 0.535189 0.320947 0.163750 0.231250
8 0.859157 0.172822 0.281686 0.185000