5 0.388015 0.016733 0.038067 0.031504
2 0.703940 0.210625 0.040993 0.036228
4 0.387298 0.124794 0.036255 0.037999
2 0.673219 0.203102 0.033166 0.034514
5 0.388198 0.087376 0.036414 0.038107
5 0.389964 0.050625 0.037675 0.038472
1 0.905316 0.547475 0.143074 0.137313
1 0.647388 0.532767 0.134386 0.125119
1 0.520815 0.523385 0.126599 0.132387
1 0.776099 0.537894 0.133351 0.143282
1 0.395997 0.520412 0.128735 0.135156
1 0.270360 0.515698 0.135878 0.135665
4 0.388793 0.193233 0.036638 0.032328
4 0.386099 0.156595 0.037716 0.032328
7 0.592712 0.456849 0.322917 0.467262