0 0.600562 0.246249 0.049651 0.048444
0 0.422890 0.181098 0.040156 0.042473
0 0.385779 0.179267 0.036304 0.041891
0 0.590105 0.264308 0.058332 0.061006
0 0.545965 0.248891 0.053765 0.058264
0 0.377976 0.625557 0.137008 0.133903
0 0.205613 0.678921 0.152782 0.147575
0 0.334645 0.706767 0.158959 0.156435
2 0.314286 0.174150 0.038095 0.043537
2 0.353061 0.174830 0.039456 0.053061
2 0.878231 0.162585 0.039456 0.039456
2 0.914966 0.161224 0.036735 0.034014
8 0.361905 0.110884 0.541497 0.205442
7 0.074150 0.227891 0.148299 0.322449