0 0.948438 0.647656 0.103125 0.145313
0 0.936719 0.589844 0.126562 0.101562
6 0.919531 0.552344 0.123438 0.085938
6 0.891406 0.522656 0.095313 0.076563
6 0.380469 0.481250 0.070312 0.062500
6 0.346094 0.472656 0.054688 0.064063
6 0.410938 0.467969 0.053125 0.060938
8 0.303125 0.418750 0.278125 0.040625
0 0.205469 0.416406 0.042188 0.032813
0 0.242969 0.417188 0.035938 0.034375
0 0.276562 0.419531 0.040625 0.039062
0 0.310938 0.417188 0.037500 0.031250
4 0.774219 0.274219 0.067187 0.248438
5 0.888281 0.244531 0.223438 0.473438
7 0.775781 0.375781 0.039062 0.032813
7 0.775781 0.340625 0.042188 0.034375
7 0.775000 0.303906 0.037500 0.042188
1 0.778906 0.264844 0.039062 0.035938
1 0.775000 0.228906 0.037500 0.035938
1 0.773438 0.192188 0.046875 0.040625