6 0.485156 0.357812 0.067187 0.178125
5 0.484375 0.306250 0.031250 0.021875
5 0.482031 0.325781 0.032813 0.023438
5 0.485156 0.350781 0.032813 0.023438
4 0.486719 0.378906 0.029687 0.026562
4 0.489063 0.405469 0.028125 0.023438
4 0.490625 0.430469 0.028125 0.023438
8 0.807031 0.347656 0.385937 0.270313
2 0.707031 0.421094 0.026562 0.029687
2 0.729688 0.421094 0.025000 0.032813
0 0.739062 0.475000 0.031250 0.050000
0 0.767969 0.478125 0.032813 0.056250
2 0.795312 0.482812 0.040625 0.050000
2 0.831250 0.490625 0.046875 0.059375
0 0.340625 0.481250 0.046875 0.046875
0 0.386719 0.481250 0.045312 0.050000
2 0.510156 0.614844 0.089063 0.098437
2 0.596094 0.608594 0.089063 0.098437
2 0.552344 0.555469 0.060937 0.029687
7 0.088281 0.478906 0.173437 0.267188
2 0.087500 0.464062 0.037500 0.028125
2 0.121094 0.462500 0.032813 0.025000
2 0.157031 0.459375 0.035937 0.025000
10 0.108594 0.471875 0.198437 0.037500
