0 0.217969 0.485156 0.082813 0.073438
0 0.138281 0.480469 0.079688 0.073438
0 0.820312 0.474219 0.075000 0.089063
0 0.877344 0.485938 0.085938 0.084375
6 0.947656 0.501563 0.076563 0.090625
6 0.661719 0.361719 0.035938 0.045313
1 0.341406 0.367188 0.048438 0.034375
1 0.335938 0.330469 0.046875 0.039062
1 0.335938 0.296094 0.037500 0.032813
7 0.334375 0.264844 0.040625 0.035938
7 0.335156 0.228906 0.060938 0.035938
7 0.328906 0.194531 0.051563 0.035938
4 0.338281 0.268750 0.092188 0.240625
5 0.778906 0.260937 0.442188 0.400000
6 0.891406 0.948438 0.204688 0.103125