2 0.759864 0.385714 0.082993 0.082993
4 0.593197 0.184354 0.040816 0.039456
5 0.597959 0.060544 0.044898 0.042177
0 0.023810 0.287075 0.047619 0.065306
2 0.715646 0.359864 0.068027 0.069388
2 0.697959 0.331293 0.068027 0.069388
2 0.659864 0.316327 0.076190 0.080272
2 0.319048 0.155782 0.036735 0.034014
2 0.353741 0.151701 0.029932 0.031293
4 0.597279 0.144898 0.043537 0.042177
4 0.599320 0.101361 0.044898 0.039456
5 0.602041 0.019728 0.047619 0.036735
0 0.028571 0.270068 0.054422 0.058503
8 0.031293 0.131293 0.062585 0.200000
10 0.786395 0.367347 0.427211 0.185034