7 0.152344 0.589844 0.051563 0.035938
7 0.150000 0.550781 0.050000 0.035938
7 0.147656 0.514844 0.057813 0.035938
1 0.145313 0.481250 0.059375 0.031250
1 0.144531 0.449219 0.054688 0.039062
1 0.142187 0.412500 0.053125 0.034375
4 0.143750 0.492188 0.100000 0.243750
0 0.323438 0.544531 0.034375 0.032813
0 0.354688 0.542969 0.031250 0.032813
0 0.796875 0.503906 0.028125 0.032813
0 0.825781 0.502344 0.023438 0.032813
6 0.739063 0.511719 0.034375 0.032813
6 0.772656 0.508594 0.029688 0.039062
6 0.704688 0.550000 0.034375 0.046875
6 0.683594 0.547656 0.042188 0.045313
6 0.727344 0.541406 0.032813 0.042188
0 0.353125 0.675781 0.071875 0.064063
6 0.966406 0.471875 0.023438 0.021875
6 0.987500 0.470313 0.025000 0.025000
5 0.764063 0.450000 0.421875 0.190625
8 0.240625 0.711719 0.400000 0.167188