0 0.981318 0.254038 0.036567 0.061583
2 0.413300 0.269682 0.033150 0.064933
4 0.217061 0.013920 0.042159 0.027840
5 0.228684 0.157688 0.037932 0.037031
5 0.227339 0.121183 0.037280 0.037978
0 0.512640 0.148895 0.032520 0.037004
4 0.220177 0.046346 0.043211 0.039494
0 0.544643 0.151885 0.036967 0.037201
5 0.222321 0.083807 0.038844 0.038326
2 0.382403 0.280271 0.061653 0.065936
2 0.938777 0.246461 0.061208 0.059790
2 0.884390 0.239576 0.058781 0.057951
7 0.516681 0.433943 0.304276 0.504934
8 0.793291 0.121443 0.413418 0.205592