6 0.553125 0.696875 0.150000 0.137500
6 0.585156 0.639063 0.126562 0.112500
0 0.620313 0.603125 0.106250 0.096875
0 0.642188 0.560156 0.093750 0.082813
6 0.459375 0.372656 0.040625 0.045313
6 0.478125 0.367188 0.037500 0.040625
1 0.771094 0.355469 0.048438 0.035938
1 0.775000 0.314844 0.043750 0.035938
1 0.778906 0.278125 0.042188 0.034375
7 0.779688 0.237500 0.046875 0.040625
7 0.779688 0.200781 0.043750 0.029688
7 0.786719 0.164062 0.045313 0.037500
4 0.786719 0.245313 0.073438 0.265625
5 0.382031 0.253906 0.760938 0.504688