4 0.042188 0.261719 0.075000 0.264063
1 0.052344 0.375781 0.042188 0.039062
1 0.046875 0.335938 0.040625 0.034375
1 0.040625 0.298438 0.043750 0.043750
7 0.034375 0.262500 0.043750 0.040625
7 0.030469 0.227344 0.045313 0.042188
7 0.028906 0.186719 0.048438 0.039062
0 0.449219 0.446875 0.057813 0.065625
0 0.489844 0.432031 0.054688 0.060938
0 0.428906 0.429688 0.051563 0.050000
6 0.516406 0.355469 0.035938 0.039062
6 0.546875 0.349219 0.040625 0.042188
6 0.583594 0.353125 0.039062 0.034375
6 0.612500 0.348438 0.037500 0.028125
1 0.884375 0.324219 0.034375 0.032813
1 0.885156 0.292187 0.035938 0.025000
1 0.887500 0.266406 0.031250 0.023438
7 0.889063 0.239063 0.034375 0.028125
7 0.895313 0.210938 0.037500 0.025000
7 0.896875 0.182031 0.037500 0.026563
4 0.897656 0.242969 0.054688 0.207813
1 0.532813 0.358594 0.284375 0.051563