4 0.296761 0.106132 0.039580 0.038600
1 0.422765 0.369269 0.106928 0.099613
1 0.561153 0.466508 0.147167 0.120339
5 0.270622 0.032360 0.040636 0.041660
1 0.643127 0.516194 0.167896 0.151447
1 0.726824 0.606499 0.205984 0.210211
1 0.514966 0.416327 0.107483 0.103401
1 0.478231 0.380952 0.093878 0.095238
2 0.715297 0.060761 0.056548 0.041667
2 0.768869 0.052577 0.053571 0.043155
2 0.816488 0.036952 0.050595 0.044643
2 0.872291 0.025047 0.061012 0.044643
4 0.312351 0.141118 0.036250 0.032500
4 0.286726 0.069243 0.037500 0.036250
7 0.552498 0.385702 0.443750 0.550000