0 0.306250 0.902344 0.221875 0.195312
0 0.439844 0.841406 0.189063 0.198438
0 0.182813 0.864844 0.203125 0.204688
6 0.954688 0.467969 0.068750 0.064063
6 0.981250 0.479688 0.037500 0.068750
8 0.860156 0.407031 0.279688 0.054688
0 0.764063 0.400000 0.040625 0.040625
0 0.798438 0.400781 0.040625 0.039062
0 0.836719 0.400000 0.045313 0.037500
0 0.876563 0.400781 0.040625 0.039062
3 0.359375 0.450781 0.475000 0.320312
4 0.496875 0.314063 0.078125 0.187500
6 0.018750 0.464063 0.034375 0.046875
5 0.118750 0.355469 0.228125 0.201563
0 0.254688 0.406250 0.031250 0.034375
0 0.277344 0.404688 0.026563 0.031250
6 0.350000 0.445312 0.043750 0.046875
6 0.412500 0.443750 0.046875 0.046875
6 0.384375 0.442188 0.046875 0.046875