6 0.667969 0.275781 0.060938 0.070312
6 0.640625 0.255469 0.059375 0.060938
6 0.699219 0.252344 0.051563 0.060938
8 0.725781 0.150781 0.298438 0.054688
0 0.701563 0.146875 0.043750 0.034375
0 0.740625 0.145313 0.037500 0.037500
0 0.778125 0.146875 0.037500 0.037500
0 0.812500 0.145313 0.034375 0.040625
0 0.195312 0.585938 0.112500 0.134375
0 0.203906 0.510156 0.129688 0.089063
6 0.200781 0.461719 0.107813 0.073438
6 0.215625 0.420313 0.090625 0.078125
5 0.132812 0.496875 0.262500 0.990625