1 0.630469 0.244531 0.035938 0.035938
1 0.630469 0.216406 0.032813 0.029688
1 0.630469 0.189844 0.035938 0.029688
7 0.635156 0.157813 0.042188 0.031250
7 0.636719 0.128125 0.042188 0.028125
7 0.637500 0.100781 0.037500 0.026563
4 0.633594 0.164062 0.067187 0.209375
0 0.176563 0.371875 0.065625 0.071875
0 0.125000 0.396094 0.075000 0.076563
0 0.095313 0.369531 0.078125 0.064063
6 0.235156 0.278125 0.042188 0.046875
6 0.274219 0.271094 0.035938 0.048438
6 0.314063 0.278125 0.037500 0.050000
6 0.350000 0.266406 0.037500 0.042188
2 0.254688 0.280469 0.315625 0.067187
0 0.757031 0.321094 0.057813 0.057813
6 0.846094 0.935156 0.267188 0.120313
3 0.773438 0.317188 0.453125 0.321875