2 0.027344 0.364844 0.032813 0.026562
2 0.052344 0.364063 0.026562 0.025000
2 0.082812 0.365625 0.031250 0.028125
2 0.114062 0.364844 0.031250 0.026562
10 0.108594 0.375781 0.214062 0.023438
0 0.114062 0.404687 0.031250 0.040625
0 0.146875 0.408594 0.037500 0.035937
0 0.175781 0.403125 0.029687 0.037500
2 0.371094 0.459375 0.054688 0.056250
2 0.396094 0.442969 0.042188 0.051562
0 0.415625 0.434375 0.043750 0.046875
2 0.660156 0.378125 0.039062 0.040625
8 0.346875 0.360156 0.262500 0.460938
6 0.469531 0.289844 0.051562 0.189062
5 0.471094 0.235937 0.032813 0.025000
5 0.470313 0.261719 0.034375 0.023438
5 0.469531 0.285938 0.032813 0.028125
4 0.469531 0.314063 0.029687 0.025000
4 0.471094 0.335938 0.029687 0.025000
4 0.472656 0.364063 0.029687 0.025000
