6 0.896094 0.886719 0.207813 0.220313
6 0.094531 0.237500 0.048438 0.043750
6 0.135938 0.235938 0.046875 0.037500
6 0.178906 0.230469 0.048438 0.032813
6 0.214063 0.222656 0.034375 0.032813
3 0.739063 0.279688 0.221875 0.328125
0 0.040625 0.394531 0.078125 0.070312
0 0.082813 0.357031 0.075000 0.070312
0 0.022656 0.362500 0.042188 0.056250
0 0.628125 0.255469 0.046875 0.051563
0 0.687500 0.252344 0.046875 0.048438
0 0.658594 0.248438 0.042188 0.053125
5 0.905469 0.146094 0.189063 0.204688
4 0.482031 0.096094 0.067187 0.189063
1 0.487500 0.175000 0.040625 0.028125
1 0.484375 0.146875 0.037500 0.028125
1 0.482031 0.117188 0.035938 0.034375
7 0.482031 0.085938 0.039062 0.037500
7 0.484375 0.057031 0.031250 0.032813
7 0.485156 0.027344 0.039062 0.029688
2 0.135938 0.245313 0.268750 0.056250