6 0.582813 0.267188 0.046875 0.043750
6 0.625000 0.267188 0.040625 0.040625
1 0.327344 0.339063 0.064063 0.046875
1 0.314844 0.292969 0.057813 0.045313
1 0.311719 0.242188 0.064063 0.053125
7 0.311719 0.192188 0.060938 0.059375
7 0.310156 0.135156 0.064063 0.060938
7 0.303125 0.082031 0.062500 0.048438
4 0.304688 0.189063 0.134375 0.359375
2 0.320312 0.803906 0.550000 0.392188
6 0.446094 0.727344 0.132812 0.114063
6 0.448438 0.810156 0.131250 0.129688
6 0.431250 0.909375 0.143750 0.134375