1 0.682975 0.539443 0.126468 0.105847
3 0.432831 0.349633 0.150181 0.160758
1 0.645564 0.564568 0.106486 0.077482
2 0.170522 0.328811 0.060130 0.060825
1 0.585428 0.720285 0.166879 0.150063
3 0.301485 0.334408 0.146338 0.151730
3 0.743243 0.371509 0.182911 0.196871
1 0.631344 0.641081 0.131835 0.112903
3 0.913617 0.382812 0.169836 0.198593
1 0.539065 0.823035 0.185375 0.189447
1 0.457025 0.914617 0.208870 0.168992
3 0.576696 0.353390 0.164474 0.161184
2 0.223078 0.313916 0.046053 0.055921
2 0.674558 0.210298 0.037829 0.039474
2 0.704986 0.202074 0.032895 0.036184
7 0.587085 0.648017 0.391667 0.514583
8 0.298543 0.183434 0.572917 0.160417