6 0.297656 0.721875 0.145313 0.143750
6 0.353125 0.674219 0.115625 0.114063
6 0.410156 0.635156 0.095313 0.098438
6 0.434375 0.606250 0.093750 0.090625
2 0.282031 0.721875 0.539062 0.306250
4 0.478906 0.335156 0.104688 0.301563
1 0.492969 0.458594 0.064063 0.042188
1 0.486719 0.417969 0.057813 0.045313
1 0.485938 0.372656 0.059375 0.042188
7 0.485156 0.332031 0.051563 0.042188
7 0.482813 0.286719 0.046875 0.045313
7 0.478906 0.242188 0.051563 0.040625
6 0.757031 0.422656 0.045313 0.042188
6 0.792969 0.423438 0.039062 0.040625