6 0.303906 0.704688 0.126562 0.121875
6 0.157813 0.710156 0.121875 0.117188
6 0.258594 0.672656 0.098438 0.073438
0 0.353125 0.507031 0.046875 0.045313
0 0.393750 0.502344 0.040625 0.039062
7 0.739063 0.499219 0.059375 0.042188
7 0.737500 0.459375 0.056250 0.046875
7 0.737500 0.411719 0.050000 0.042188
1 0.731250 0.372656 0.050000 0.048438
1 0.732813 0.320312 0.056250 0.046875
1 0.728906 0.282031 0.051563 0.042188
4 0.731250 0.377344 0.096875 0.304688
5 0.078125 0.454688 0.153125 0.337500