0 0.683112 0.322420 0.049911 0.065353
4 0.982100 0.134045 0.034129 0.040094
0 0.726837 0.304976 0.048423 0.041288
4 0.976474 0.171429 0.045054 0.040028
4 0.968541 0.209565 0.046365 0.039448
0 0.246273 0.262026 0.051407 0.054742
5 0.993289 0.016271 0.012699 0.032341
5 0.982703 0.094078 0.032924 0.041541
5 0.988266 0.053282 0.022525 0.042584
2 0.660650 0.183896 0.031228 0.035622
2 0.630256 0.185118 0.034564 0.035233
2 0.196613 0.264316 0.055274 0.052585
0 0.293956 0.256831 0.053086 0.049537
2 0.143599 0.268947 0.056324 0.054894
0 0.762843 0.332788 0.068991 0.069042
7 0.539979 0.528771 0.345588 0.507353
8 0.270908 0.141823 0.541817 0.222426