8 0.690625 0.472656 0.250000 0.479687
6 0.157812 0.407031 0.050000 0.154688
5 0.152344 0.361719 0.029687 0.017188
5 0.154688 0.385156 0.031250 0.020313
5 0.156250 0.407813 0.034375 0.021875
4 0.156250 0.426563 0.028125 0.015625
4 0.159375 0.447656 0.034375 0.020313
4 0.157031 0.470313 0.035937 0.018750
0 0.032813 0.495312 0.043750 0.040625
0 0.061719 0.491406 0.029687 0.032813
0 0.087500 0.495312 0.037500 0.040625
2 0.045312 0.610938 0.087500 0.081250
2 0.110937 0.611719 0.087500 0.092188
2 0.167969 0.596875 0.067187 0.078125
0 0.449219 0.504687 0.032813 0.037500
0 0.476562 0.510156 0.034375 0.039062
0 0.502344 0.503906 0.023438 0.029687
2 0.703125 0.571875 0.056250 0.059375
2 0.734375 0.556250 0.046875 0.050000
0 0.749219 0.546094 0.048438 0.051562
10 0.432031 0.480469 0.207813 0.023438
2 0.367969 0.471094 0.026562 0.023438
2 0.392188 0.471875 0.025000 0.028125
2 0.414844 0.471094 0.026562 0.029687
2 0.445312 0.470313 0.031250 0.025000
7 0.120313 0.467969 0.234375 0.192188
6 0.796094 0.399219 0.045312 0.189062
5 0.795312 0.341406 0.034375 0.026562
5 0.796875 0.367969 0.031250 0.020313
5 0.798438 0.394531 0.037500 0.029687
4 0.789844 0.422656 0.039062 0.029687
4 0.792969 0.451562 0.032813 0.018750
4 0.795312 0.475781 0.034375 0.026562
