0 0.492188 0.700000 0.153125 0.153125
0 0.578125 0.650781 0.125000 0.135938
0 0.396875 0.650000 0.125000 0.137500
0 0.834375 0.260937 0.034375 0.028125
0 0.870313 0.260937 0.034375 0.031250
0 0.909375 0.263281 0.037500 0.035938
0 0.948438 0.271875 0.040625 0.031250
6 0.985156 0.357813 0.029688 0.062500
4 0.575000 0.153125 0.043750 0.187500
6 0.129688 0.279688 0.034375 0.040625
6 0.093750 0.285156 0.037500 0.045313
0 0.054688 0.289062 0.043750 0.043750
0 0.018750 0.292969 0.034375 0.051563
5 0.160938 0.193750 0.318750 0.171875
3 0.468750 0.311719 0.156250 0.217188
8 0.894531 0.280469 0.210938 0.057813
7 0.572656 0.230469 0.029688 0.026563
7 0.574219 0.205469 0.029688 0.029688
7 0.577344 0.178906 0.029688 0.026563
1 0.570312 0.150000 0.034375 0.028125
1 0.576562 0.122656 0.028125 0.026563
1 0.575781 0.095313 0.026563 0.025000
0 0.336719 0.231250 0.026563 0.028125
0 0.357031 0.228125 0.029688 0.028125
6 0.498438 0.287500 0.046875 0.040625
6 0.470313 0.283594 0.040625 0.042188
6 0.442969 0.285938 0.035938 0.037500