6 0.451563 0.865625 0.181250 0.190625
6 0.382812 0.943750 0.225000 0.103125
6 0.210938 0.915625 0.231250 0.159375
6 0.716406 0.352344 0.060938 0.067187
6 0.723438 0.325000 0.062500 0.046875
6 0.659375 0.336719 0.056250 0.060938
3 0.112500 0.359375 0.193750 0.278125
5 0.492188 0.170313 0.596875 0.256250
6 0.524219 0.256250 0.042188 0.046875
6 0.485938 0.254688 0.043750 0.043750
0 0.449219 0.253125 0.042188 0.040625
0 0.415625 0.250781 0.040625 0.048438
0 0.020313 0.296875 0.037500 0.059375