1 0.670881 0.516742 0.121905 0.128731
2 0.926401 0.364366 0.066963 0.074728
2 0.961837 0.383420 0.074224 0.085064
1 0.730482 0.489309 0.114097 0.120272
2 0.866525 0.364609 0.079937 0.076233
3 0.698561 0.255360 0.193555 0.212548
1 0.614387 0.566189 0.132194 0.139966
1 0.532182 0.611570 0.157999 0.160933
1 0.446939 0.678044 0.188756 0.187788
1 0.332419 0.764782 0.203331 0.207465
2 0.422124 0.258712 0.051630 0.051630
2 0.468320 0.263468 0.043478 0.050272
0 0.319543 0.255995 0.055707 0.057065
0 0.373890 0.260071 0.042120 0.054348
7 0.600413 0.521578 0.351103 0.575368
8 0.385339 0.143821 0.759191 0.246324