4 0.796875 0.361719 0.090625 0.270313
0 0.925781 0.635156 0.076563 0.073438
0 0.962500 0.663281 0.075000 0.082813
8 0.914844 0.709375 0.170313 0.203125
0 0.522656 0.431250 0.032813 0.034375
0 0.489063 0.433594 0.025000 0.029688
6 0.206250 0.553125 0.062500 0.062500
6 0.216406 0.531250 0.057813 0.046875
6 0.149219 0.535938 0.067187 0.056250
5 0.135938 0.393750 0.268750 0.200000
6 0.014844 0.457813 0.026563 0.050000
7 0.778125 0.471094 0.046875 0.045313
7 0.782031 0.434375 0.048438 0.040625
7 0.787500 0.394531 0.046875 0.039062
1 0.788281 0.356250 0.051563 0.043750
1 0.790625 0.317969 0.046875 0.042188
1 0.796094 0.278125 0.045313 0.031250