7 0.687500 0.510938 0.368750 0.275000
8 0.089844 0.412500 0.173437 0.218750
6 0.315625 0.375000 0.065625 0.181250
5 0.315625 0.321094 0.031250 0.023438
5 0.314844 0.346875 0.035937 0.025000
5 0.311719 0.371094 0.032813 0.023438
4 0.317188 0.396875 0.031250 0.025000
4 0.315625 0.421094 0.031250 0.020313
4 0.315625 0.444531 0.031250 0.023438
2 0.059375 0.460156 0.028125 0.035937
2 0.086719 0.456250 0.026562 0.034375
2 0.077344 0.683594 0.082812 0.092188
2 0.167969 0.688281 0.082812 0.092188
2 0.136719 0.629687 0.076563 0.034375
0 0.389844 0.503125 0.039062 0.040625
0 0.433594 0.500000 0.039062 0.040625
0 0.942969 0.514844 0.048438 0.051562
0 0.982031 0.520312 0.035937 0.056250
0 0.011719 0.536719 0.020313 0.051562
0 0.029687 0.528125 0.031250 0.046875
