0 0.647656 0.893750 0.210938 0.196875
0 0.913281 0.910156 0.173438 0.170313
0 0.821875 0.942969 0.243750 0.101562
0 0.069531 0.421875 0.051563 0.037500
0 0.114063 0.422656 0.043750 0.039062
0 0.153125 0.425000 0.040625 0.043750
0 0.189063 0.425000 0.040625 0.037500
8 0.129688 0.427344 0.253125 0.051563
4 0.471875 0.346875 0.062500 0.178125
7 0.461719 0.418750 0.035938 0.028125
7 0.467188 0.390625 0.034375 0.028125
7 0.466406 0.364063 0.042188 0.031250
1 0.472656 0.343750 0.032813 0.028125
1 0.474219 0.312500 0.039062 0.025000
1 0.476562 0.295313 0.034375 0.025000
3 0.647656 0.494531 0.170313 0.254688
5 0.870313 0.392188 0.259375 0.190625
0 0.710156 0.439063 0.029688 0.037500
6 0.574219 0.473438 0.045313 0.053125
6 0.967969 0.503906 0.045313 0.042188
6 0.025000 0.489063 0.046875 0.065625