0 0.304138 0.158807 0.052159 0.051097
0 0.356350 0.160640 0.054539 0.051848
1 0.485736 0.565076 0.117578 0.131095
1 0.631700 0.468203 0.114005 0.117294
0 0.939324 0.088426 0.040167 0.043770
1 0.561547 0.512976 0.126891 0.128304
2 0.460467 0.164093 0.054107 0.059434
0 0.901469 0.089690 0.046593 0.045397
2 0.408817 0.161605 0.053410 0.057324
3 0.516132 0.302027 0.189482 0.194433
1 0.396876 0.626115 0.150524 0.158504
2 0.908702 0.273787 0.069074 0.080298
2 0.843829 0.277836 0.082853 0.079581
2 0.947806 0.297574 0.094480 0.088926
1 0.300927 0.704375 0.179569 0.175384
1 0.176015 0.804395 0.198956 0.188048
7 0.462203 0.544356 0.372917 0.541667