0 0.514844 0.325000 0.079688 0.084375
0 0.419531 0.340625 0.085938 0.081250
0 0.451563 0.315625 0.071875 0.071875
6 0.872656 0.207813 0.051563 0.043750
6 0.923438 0.210938 0.053125 0.050000
2 0.882031 0.216406 0.235938 0.070312
1 0.380469 0.176563 0.048438 0.040625
1 0.381250 0.134375 0.040625 0.034375
1 0.378906 0.100000 0.045313 0.037500
7 0.373438 0.056250 0.046875 0.040625
7 0.374219 0.020313 0.045313 0.037500
4 0.371875 0.100781 0.078125 0.198438
6 0.039062 0.194531 0.040625 0.042188
6 0.014844 0.200000 0.026563 0.050000