0 0.751073 0.221340 0.049726 0.043531
1 0.484942 0.570528 0.107633 0.135620
5 0.263806 0.157417 0.043447 0.038067
0 0.799324 0.224741 0.050203 0.045040
0 0.698581 0.212983 0.048232 0.039880
4 0.251606 0.010704 0.042590 0.021364
2 0.241780 0.312487 0.058558 0.074205
5 0.262340 0.119068 0.040268 0.039791
0 0.849235 0.229812 0.052404 0.044863
2 0.207355 0.331160 0.081497 0.077077
5 0.259208 0.080488 0.043733 0.040579
4 0.254872 0.040396 0.043848 0.041120
1 0.568674 0.606735 0.132581 0.097796
2 0.909645 0.424427 0.102374 0.090062
1 0.622673 0.701426 0.152452 0.135856
2 0.303550 0.319508 0.073653 0.075815
1 0.844069 0.913781 0.226912 0.170085
1 0.718022 0.814144 0.202340 0.199356
1 0.438478 0.511909 0.080882 0.080882
3 0.712375 0.320732 0.180147 0.169118