6 0.192188 0.566406 0.109375 0.101562
6 0.291406 0.549219 0.095313 0.095313
6 0.239063 0.532813 0.090625 0.100000
0 0.550781 0.411719 0.054688 0.045313
0 0.510156 0.411719 0.039062 0.045313
0 0.482813 0.404688 0.037500 0.043750
0 0.453125 0.401563 0.040625 0.037500
8 0.586719 0.412500 0.360938 0.068750
0 0.032813 0.386719 0.040625 0.032813
0 0.067187 0.384375 0.031250 0.031250
7 0.296875 0.375781 0.037500 0.026563
7 0.293750 0.349219 0.034375 0.026563
7 0.290625 0.317969 0.037500 0.029688
1 0.289062 0.289062 0.040625 0.028125
1 0.286719 0.262500 0.032813 0.031250
1 0.282031 0.232031 0.032813 0.032813
4 0.286719 0.291406 0.070312 0.198438