0 0.659375 0.645313 0.121875 0.109375
0 0.660156 0.734375 0.132812 0.137500
0 0.784375 0.745313 0.131250 0.140625
0 0.714063 0.203125 0.053125 0.056250
0 0.663281 0.218750 0.054688 0.059375
0 0.661719 0.193750 0.045313 0.043750
0 0.886719 0.122656 0.042188 0.042188
0 0.929688 0.126562 0.040625 0.046875
6 0.969531 0.127344 0.042188 0.051563
6 0.447656 0.064063 0.032813 0.034375
6 0.413281 0.064063 0.032813 0.037500
1 0.157813 0.102344 0.053125 0.045313
1 0.146875 0.066406 0.043750 0.045313
1 0.142187 0.024219 0.050000 0.039062
5 0.678906 0.074219 0.067187 0.145313
6 0.031250 0.275781 0.059375 0.057813
6 0.021094 0.304688 0.039062 0.062500
2 0.058594 0.317969 0.114063 0.185938
4 0.149219 0.064063 0.092188 0.125000