6 0.540625 0.655469 0.106250 0.104688
6 0.646094 0.653906 0.110938 0.095313
6 0.582813 0.599219 0.075000 0.048438
0 0.192188 0.551563 0.062500 0.046875
0 0.232031 0.544531 0.057813 0.048438
0 0.267969 0.531250 0.045313 0.043750
0 0.298438 0.521094 0.040625 0.048438
8 0.190625 0.555469 0.371875 0.070312
4 0.435156 0.381250 0.076563 0.196875
7 0.440625 0.460938 0.043750 0.031250
7 0.439844 0.428125 0.039062 0.031250
7 0.437500 0.402344 0.037500 0.023438
1 0.434375 0.375781 0.031250 0.032813
1 0.434375 0.346875 0.031250 0.031250
1 0.432813 0.319531 0.040625 0.026563
0 0.651563 0.432031 0.031250 0.032813
0 0.684375 0.430469 0.034375 0.026563
6 0.783594 0.471875 0.045313 0.053125
6 0.840625 0.467969 0.043750 0.042188
5 0.909375 0.353906 0.181250 0.201563