6 0.098438 0.417188 0.053125 0.053125
6 0.057031 0.410156 0.039062 0.048438
0 0.019531 0.407031 0.035938 0.035938
6 0.212500 0.492969 0.071875 0.064063
6 0.163281 0.476562 0.064063 0.056250
6 0.237500 0.470313 0.046875 0.046875
5 0.175781 0.320312 0.348438 0.262500
0 0.602344 0.390625 0.045313 0.037500
0 0.636719 0.391406 0.042188 0.035938
7 0.900000 0.432813 0.065625 0.056250
7 0.911719 0.388281 0.060938 0.039062
7 0.911719 0.342969 0.067187 0.042188
1 0.914844 0.296875 0.057813 0.043750
1 0.917969 0.253906 0.067187 0.045313
1 0.920313 0.208594 0.059375 0.048438
4 0.913281 0.303906 0.101562 0.323438
0 0.941406 0.594531 0.098438 0.082813
0 0.957031 0.625781 0.085938 0.085938
0 0.974219 0.672656 0.051563 0.098438
8 0.916406 0.720313 0.167188 0.309375