1 0.625818 0.661006 0.144564 0.138428
1 0.540208 0.738788 0.117643 0.141890
3 0.333336 0.388543 0.140600 0.125077
1 0.697869 0.619795 0.109008 0.096655
3 0.447638 0.420655 0.160201 0.147957
2 0.979798 0.190175 0.039049 0.043047
3 0.248559 0.360951 0.138195 0.118163
0 0.537303 0.290864 0.052395 0.056941
0 0.487848 0.293962 0.050455 0.057317
2 0.437971 0.297153 0.052270 0.055255
2 0.387206 0.302040 0.052114 0.057603
3 0.575567 0.454984 0.183559 0.172529
1 0.446178 0.792999 0.153109 0.163619
1 0.192667 0.933253 0.205198 0.131423
1 0.344120 0.882271 0.184593 0.189985
3 0.743492 0.508212 0.230979 0.211128
7 0.516004 0.730960 0.407895 0.538081
8 0.431490 0.200849 0.817308 0.310096