0 0.351562 0.885938 0.243750 0.228125
0 0.122656 0.883594 0.232813 0.226562
0 0.078125 0.941406 0.153125 0.101562
6 0.847656 0.520313 0.089063 0.065625
6 0.926563 0.517188 0.090625 0.068750
6 0.982813 0.513281 0.034375 0.057813
2 0.823438 0.537500 0.353125 0.078125
1 0.086719 0.533594 0.070312 0.054688
1 0.074219 0.480469 0.076563 0.064063
1 0.074219 0.422656 0.067187 0.054688
7 0.064844 0.362500 0.076563 0.053125
7 0.060156 0.308594 0.079688 0.060938
7 0.056250 0.255469 0.071875 0.051563
4 0.064063 0.372656 0.121875 0.392188