0 0.634769 0.379694 0.083641 0.055725
4 0.698398 0.134548 0.032507 0.034996
0 0.331392 0.306121 0.047236 0.053565
2 0.215602 0.238181 0.030260 0.025816
2 0.634366 0.418336 0.081811 0.077661
2 0.623424 0.451616 0.065885 0.093376
2 0.276828 0.235127 0.034684 0.024576
2 0.244770 0.237070 0.031798 0.024894
0 0.658614 0.371629 0.064760 0.068823
0 0.303878 0.318315 0.058855 0.056176
2 0.185747 0.240628 0.032312 0.026172
0 0.277698 0.308193 0.046555 0.052285
2 0.972005 0.219417 0.055055 0.053581
10 0.261549 0.240998 0.254934 0.050987
8 0.546911 0.439188 0.361842 0.822368