4 0.595343 0.016483 0.035386 0.032807
0 0.127536 0.161231 0.038973 0.029573
5 0.587727 0.108346 0.029215 0.031128
5 0.199194 0.159973 0.023737 0.029877
5 0.589761 0.077846 0.031263 0.031749
2 0.167565 0.172894 0.040836 0.043830
4 0.592519 0.046992 0.034851 0.032736
5 0.583439 0.139009 0.031050 0.031068
0 0.832917 0.154416 0.026284 0.034114
3 0.323606 0.319115 0.069361 0.078753
0 0.863355 0.159676 0.037901 0.033982
3 0.257572 0.162173 0.106554 0.102045
1 0.397679 0.328459 0.064520 0.079361
1 0.266652 0.308783 0.063326 0.075628
3 0.211635 0.299379 0.068969 0.074309
1 0.459921 0.339644 0.076787 0.082009
1 0.316097 0.148260 0.079741 0.080819
1 0.353274 0.128324 0.061422 0.086207
1 0.423856 0.115932 0.053879 0.072198
3 0.395838 0.131557 0.053879 0.079741
3 0.455644 0.116471 0.050647 0.071121
7 0.337649 0.269488 0.200431 0.275862
8 0.897811 0.127786 0.204377 0.199353