1 0.392759 0.530969 0.112440 0.106835
4 0.679068 0.087887 0.034367 0.033264
5 0.670999 0.182686 0.035800 0.029733
5 0.673676 0.152726 0.033764 0.033396
5 0.677742 0.120834 0.036105 0.033525
4 0.681238 0.053386 0.038499 0.036194
0 0.013624 0.268963 0.027146 0.053256
2 0.094898 0.259688 0.052887 0.052124
1 0.381974 0.247223 0.099757 0.118621
2 0.046746 0.262424 0.051855 0.051616
3 0.192185 0.242219 0.102929 0.107179
1 0.287175 0.245128 0.103079 0.107808
3 0.476350 0.250550 0.100469 0.111711
1 0.574687 0.251793 0.103955 0.122345
3 0.674514 0.254399 0.103854 0.111939
1 0.406803 0.475510 0.097959 0.077551
1 0.431293 0.406803 0.070748 0.057143
3 0.418367 0.436735 0.091156 0.073469
3 0.442857 0.370068 0.066667 0.054422
0 0.388865 0.176846 0.036638 0.033405
0 0.418499 0.174690 0.033405 0.033405
4 0.683481 0.018649 0.043478 0.033967
7 0.410610 0.416439 0.243750 0.337500
8 0.164159 0.110189 0.328318 0.133333