8 0.540625 0.478125 0.440625 0.309375
6 0.907031 0.397656 0.079687 0.192188
5 0.912500 0.345313 0.040625 0.025000
5 0.910156 0.371094 0.039062 0.026562
5 0.910156 0.399219 0.042188 0.029687
4 0.903906 0.421875 0.045312 0.025000
4 0.906250 0.447656 0.040625 0.020313
4 0.903906 0.474219 0.035937 0.026562
2 0.654687 0.471875 0.028125 0.031250
2 0.677344 0.470313 0.023438 0.031250
2 0.714063 0.685937 0.087500 0.087500
2 0.793750 0.702344 0.084375 0.089063
2 0.763281 0.644531 0.054688 0.026562
0 0.640625 0.535156 0.028125 0.042188
0 0.613281 0.539844 0.026562 0.042188
0 0.985156 0.546875 0.029687 0.050000
