1 0.642970 0.520610 0.139304 0.133114
1 0.680912 0.470007 0.123563 0.111850
2 0.290125 0.181376 0.057828 0.060916
1 0.523673 0.648824 0.172705 0.162066
1 0.592060 0.577738 0.134122 0.138891
1 0.446242 0.742182 0.192521 0.190484
1 0.326911 0.858149 0.208220 0.238232
7 0.478236 0.255675 0.187500 0.184211
2 0.229058 0.180839 0.050987 0.057566
2 0.787446 0.103537 0.039474 0.041118
2 0.824453 0.101070 0.031250 0.046053
0 0.344190 0.177550 0.050987 0.054276
0 0.393532 0.177550 0.047697 0.054276
7 0.562876 0.557800 0.375000 0.596154