3 0.477620 0.273642 0.154965 0.141152
1 0.653066 0.645182 0.157450 0.157748
4 0.812568 0.079686 0.042394 0.041784
3 0.619587 0.196868 0.129534 0.112386
3 0.556609 0.226955 0.141204 0.125682
4 0.815885 0.039241 0.042910 0.040543
2 0.316986 0.118508 0.046178 0.041303
2 0.220190 0.122062 0.050846 0.046719
2 0.362894 0.116022 0.049926 0.041506
1 0.532949 0.606255 0.136294 0.142779
3 0.382609 0.338770 0.176278 0.186634
2 0.267752 0.120046 0.049694 0.045663
3 0.251828 0.402956 0.240186 0.218267
1 0.786418 0.706596 0.169465 0.178249
1 0.446726 0.553338 0.119048 0.129464
1 0.340327 0.525808 0.117560 0.107143
1 0.234673 0.525064 0.108631 0.108631
7 0.452679 0.541433 0.327381 0.495536
10 0.275595 0.126254 0.327381 0.075893