5 0.308065 0.300475 0.030135 0.027326
5 0.306420 0.326721 0.030045 0.026654
4 0.309163 0.274106 0.028294 0.028693
5 0.308685 0.193478 0.028902 0.023335
5 0.307252 0.218582 0.029544 0.028910
5 0.305941 0.245556 0.029586 0.027044
4 0.308089 0.300536 0.030151 0.027339
2 0.587819 0.356510 0.040003 0.026426
2 0.077474 0.313583 0.028803 0.027075
2 0.495420 0.348318 0.034842 0.026709
4 0.306454 0.326777 0.030071 0.026728
0 0.041135 0.341576 0.036426 0.044344
0 0.063619 0.344328 0.050148 0.045324
0 0.013145 0.341675 0.026222 0.044941
2 0.358428 0.778874 0.255182 0.288907
0 0.497421 0.420291 0.064866 0.071766
0 0.439793 0.418891 0.082105 0.083130
2 0.541172 0.716316 0.214951 0.242982
0 0.657993 0.658821 0.192014 0.202846
0 0.771223 0.628282 0.162109 0.181651
2 0.556288 0.353659 0.037500 0.032386
2 0.525322 0.348830 0.030114 0.029545
2 0.048802 0.309008 0.029070 0.026163
6 0.306796 0.246871 0.053779 0.185320
10 0.593132 0.365660 0.310268 0.042411