4 0.894559 0.313795 0.043454 0.038309
4 0.912515 0.240776 0.042774 0.041068
0 0.707959 0.341990 0.050807 0.071580
4 0.901869 0.276241 0.044815 0.039353
0 0.748461 0.354280 0.063310 0.077045
2 0.581592 0.270063 0.038891 0.036207
0 0.652476 0.340345 0.071319 0.074786
0 0.143435 0.258529 0.062811 0.062064
0 0.201775 0.263714 0.058774 0.061257
5 0.937897 0.124372 0.045834 0.036467
2 0.080722 0.253831 0.068338 0.064164
2 0.023938 0.249352 0.047875 0.065197
5 0.915935 0.203646 0.043180 0.034481
5 0.926892 0.160882 0.044326 0.040484
6 0.929855 0.203848 0.105000 0.275000
7 0.609030 0.369252 0.505952 0.720238