4 0.959866 0.286523 0.040380 0.034236
5 0.986629 0.157625 0.025478 0.025169
4 0.954199 0.319759 0.041567 0.034710
5 0.986533 0.126655 0.026114 0.042531
4 0.967312 0.254622 0.039328 0.034556
4 0.051611 0.241516 0.037822 0.032548
4 0.046875 0.208817 0.035041 0.034160
5 0.028600 0.112450 0.042527 0.025727
2 0.506183 0.326581 0.034354 0.033964
2 0.540870 0.327407 0.035274 0.034966
1 0.326732 0.675993 0.068886 0.061706
5 0.983669 0.186224 0.031480 0.035398
1 0.406166 0.561445 0.081188 0.075419
5 0.977017 0.219899 0.042201 0.038489
2 0.469683 0.323679 0.035449 0.036504
1 0.374177 0.693084 0.065071 0.060344
5 0.038397 0.176528 0.039739 0.033028
2 0.435012 0.322546 0.035366 0.037363
5 0.032982 0.142624 0.039580 0.036822
1 0.465740 0.539114 0.081710 0.081119
3 0.344087 0.590064 0.090412 0.086094
3 0.414789 0.740707 0.084967 0.086458
1 0.457939 0.780029 0.081357 0.084665
3 0.520958 0.515248 0.074799 0.074850
1 0.270685 0.622853 0.100487 0.092478
3 0.190743 0.654261 0.102716 0.102308
3 0.509134 0.826247 0.085221 0.100832
4 0.056827 0.270465 0.040865 0.032452
6 0.043606 0.174912 0.076923 0.228365
6 0.965481 0.219984 0.067308 0.236779
10 0.502139 0.317340 0.251202 0.080529
7 0.373492 0.702621 0.192708 0.281250