5 0.738199 0.005413 0.029873 0.010825
4 0.715691 0.173885 0.035573 0.034497
2 0.182332 0.200303 0.048990 0.041421
2 0.317839 0.196305 0.044198 0.035807
2 0.227941 0.198654 0.047524 0.040200
2 0.274843 0.197986 0.043331 0.036982
4 0.721644 0.104762 0.038566 0.037512
0 0.785736 0.305724 0.049257 0.066662
4 0.716936 0.138744 0.035576 0.032932
0 0.818156 0.322023 0.076689 0.071652
5 0.727165 0.067011 0.038045 0.038574
0 0.735093 0.308945 0.067352 0.067046
5 0.734513 0.028623 0.039883 0.040167
7 0.564208 0.457803 0.312500 0.473214
10 0.219714 0.204083 0.316964 0.063988