1 0.562128 0.443313 0.103261 0.062786
4 0.724778 0.037506 0.038608 0.041915
4 0.713005 0.112452 0.040648 0.038037
2 0.415234 0.093393 0.031201 0.038284
1 0.569655 0.508091 0.105035 0.082445
2 0.386038 0.095259 0.036695 0.038421
1 0.550579 0.575342 0.150815 0.102504
0 0.014179 0.205592 0.028247 0.064060
0 0.051280 0.198152 0.068414 0.065234
1 0.555976 0.668664 0.159703 0.132609
1 0.536296 0.797013 0.180424 0.193572
3 0.481760 0.252955 0.154762 0.162202
1 0.558731 0.411241 0.115489 0.074728
7 0.547210 0.482286 0.335526 0.490132