6 0.767188 0.384375 0.062500 0.053125
6 0.756250 0.364844 0.059375 0.051563
1 0.450781 0.304688 0.045313 0.040625
1 0.449219 0.266406 0.042188 0.039062
1 0.445312 0.224219 0.043750 0.045313
7 0.442188 0.182031 0.046875 0.042188
7 0.440625 0.137500 0.046875 0.040625
7 0.441406 0.098438 0.045313 0.040625
4 0.442969 0.189844 0.076563 0.292187
5 0.230469 0.439844 0.445312 0.545312
0 0.260156 0.821094 0.145313 0.139063
0 0.199219 0.907031 0.173438 0.151563
6 0.162500 0.978906 0.153125 0.035938