4 0.139534 0.049137 0.041396 0.039117
5 0.904561 0.040711 0.029971 0.029600
4 0.131627 0.016052 0.039937 0.032020
5 0.158968 0.156945 0.038982 0.035516
5 0.908994 0.013428 0.031355 0.026740
5 0.898148 0.068779 0.029871 0.028046
5 0.145188 0.086237 0.040102 0.038197
5 0.152385 0.122394 0.038593 0.037231
0 0.640787 0.119014 0.029995 0.029817
0 0.666733 0.117531 0.029916 0.029241
0 0.611951 0.122887 0.032436 0.029960
2 0.602452 0.255275 0.053210 0.049258
0 0.579516 0.126516 0.036537 0.030012
2 0.575745 0.237267 0.041658 0.036566
2 0.618475 0.232505 0.043369 0.043008
2 0.355991 0.448272 0.074366 0.073930
0 0.383083 0.471878 0.081562 0.068242
2 0.344450 0.412033 0.071249 0.057872
0 0.397319 0.517356 0.088014 0.090099
8 0.436485 0.492140 0.516447 0.837171