6 0.350000 0.914844 0.196875 0.170313
6 0.482813 0.860156 0.159375 0.182813
6 0.260937 0.853125 0.175000 0.200000
3 0.439844 0.406250 0.382812 0.281250
5 0.783594 0.304688 0.432813 0.237500
0 0.754688 0.378906 0.043750 0.054688
0 0.789062 0.382031 0.040625 0.039062
6 0.826563 0.388281 0.043750 0.045313
6 0.865625 0.394531 0.043750 0.039062
6 0.966406 0.462500 0.067187 0.065625
1 0.298438 0.341406 0.031250 0.029688
1 0.296094 0.319531 0.039062 0.029688
1 0.293750 0.291406 0.034375 0.026563
7 0.290625 0.264063 0.037500 0.028125
7 0.289844 0.235156 0.042188 0.026563
7 0.289062 0.207813 0.040625 0.025000
4 0.289062 0.268750 0.065625 0.184375
6 0.518750 0.336719 0.031250 0.032813
6 0.543750 0.339063 0.025000 0.025000