5 0.741920 0.010770 0.039700 0.021525
5 0.745570 0.077515 0.039884 0.040728
4 0.747523 0.115712 0.038739 0.037973
4 0.752673 0.187801 0.040914 0.036150
5 0.745817 0.038464 0.040529 0.040363
4 0.749178 0.152455 0.038880 0.036171
2 0.248022 0.293788 0.048264 0.039763
1 0.434240 0.553714 0.106138 0.135839
1 0.307904 0.544881 0.111488 0.127435
1 0.534084 0.570005 0.135534 0.149262
1 0.220280 0.538730 0.110837 0.121807
1 0.663221 0.583105 0.166184 0.171292
1 0.817599 0.604861 0.182183 0.179970
2 0.203092 0.302706 0.043981 0.043981
2 0.289898 0.282451 0.041667 0.042824
2 0.337930 0.273192 0.045139 0.045139