0 0.743750 0.449219 0.062500 0.064063
0 0.796875 0.465625 0.075000 0.065625
0 0.610938 0.400000 0.037500 0.040625
0 0.571094 0.396094 0.039062 0.039062
6 0.533594 0.395313 0.039062 0.046875
6 0.498438 0.391406 0.043750 0.039062
0 0.255469 0.360156 0.029688 0.029688
0 0.224219 0.362500 0.029688 0.034375
0 0.410156 0.871875 0.232813 0.243750
0 0.274219 0.939844 0.307813 0.110938
0 0.102344 0.896094 0.201563 0.192188
3 0.146094 0.375781 0.204688 0.354688
5 0.560156 0.309375 0.551563 0.231250