2 0.199723 0.254841 0.051081 0.031565
5 0.636720 0.076322 0.037702 0.031232
2 0.099293 0.255931 0.052104 0.034709
4 0.626937 0.253022 0.039269 0.034484
2 0.152544 0.255469 0.049578 0.033230
2 0.047553 0.256904 0.056826 0.036696
4 0.626964 0.218339 0.037289 0.034481
2 0.979269 0.266314 0.040573 0.039506
5 0.631236 0.145570 0.038073 0.036290
4 0.629667 0.182568 0.037673 0.038122
2 0.948347 0.263560 0.036272 0.038616
5 0.635509 0.108799 0.039115 0.037727
0 0.639576 0.297241 0.072928 0.044833
0 0.747638 0.308586 0.053099 0.065820
0 0.697279 0.302041 0.053061 0.057143
7 0.371429 0.313605 0.451701 0.570068