6 0.507031 0.310156 0.070312 0.073438
6 0.429688 0.325000 0.068750 0.065625
6 0.446875 0.300781 0.068750 0.067187
5 0.067969 0.196875 0.132812 0.271875
3 0.870313 0.502344 0.259375 0.567188
8 0.877344 0.187500 0.245313 0.065625
0 0.835156 0.178906 0.051563 0.045313
0 0.887500 0.178906 0.050000 0.045313
0 0.938281 0.180469 0.048438 0.042188
0 0.982031 0.179688 0.035938 0.046875
7 0.388281 0.163281 0.039062 0.032813
7 0.385938 0.124219 0.040625 0.039062
7 0.379688 0.088281 0.037500 0.032813
1 0.375781 0.050781 0.042188 0.039062
1 0.368750 0.015625 0.050000 0.028125
0 0.078125 0.196875 0.040625 0.043750