2 0.116294 0.430881 0.037887 0.027764
4 0.724158 0.451469 0.050889 0.043578
2 0.083243 0.430594 0.039750 0.028292
4 0.723652 0.409146 0.048280 0.042992
5 0.728485 0.239014 0.053924 0.036196
4 0.722184 0.366613 0.046958 0.044536
5 0.726041 0.323004 0.048565 0.044097
5 0.727477 0.278718 0.050059 0.045505
0 0.024643 0.521869 0.049219 0.083777
0 0.069416 0.513149 0.080995 0.078585
2 0.089635 0.865661 0.179269 0.267124
0 0.196824 0.777916 0.224058 0.232529
0 0.326423 0.718971 0.174023 0.195105
2 0.152288 0.431066 0.035256 0.036058
2 0.187945 0.437076 0.042468 0.032051
8 0.328247 0.304621 0.654605 0.609241