6 0.644531 0.625000 0.148438 0.134375
6 0.629688 0.569531 0.134375 0.079688
0 0.583594 0.550781 0.104688 0.092188
0 0.588281 0.507031 0.101562 0.048438
6 0.750781 0.404688 0.051563 0.046875
6 0.730469 0.396094 0.042188 0.045313
1 0.444531 0.391406 0.042188 0.035938
1 0.442188 0.355469 0.046875 0.035938
1 0.439844 0.319531 0.042188 0.035938
7 0.436719 0.286719 0.045313 0.032813
7 0.438281 0.249219 0.051563 0.042188
7 0.435938 0.212500 0.059375 0.031250
4 0.436719 0.289844 0.070312 0.254688
0 0.053125 0.480469 0.062500 0.076563
0 0.028906 0.495313 0.054688 0.081250
5 0.525781 0.330469 0.107813 0.351562
2 0.042969 0.411719 0.082813 0.042188