0 0.785938 0.343750 0.059375 0.065625
0 0.848438 0.357813 0.065625 0.062500
0 0.914844 0.367969 0.064063 0.064063
0 0.973438 0.378125 0.053125 0.059375
8 0.845313 0.357031 0.309375 0.173438
6 0.232031 0.570312 0.114063 0.109375
6 0.082031 0.610156 0.120313 0.117188
6 0.142187 0.553125 0.100000 0.103125
4 0.242969 0.120313 0.089063 0.234375
7 0.244531 0.213281 0.057813 0.045313
7 0.244531 0.169531 0.060938 0.042188
7 0.240625 0.124219 0.062500 0.045313
1 0.239063 0.076563 0.059375 0.043750
1 0.233594 0.026563 0.060938 0.050000