5 0.027182 0.017138 0.033203 0.023664
5 0.901644 0.025336 0.049014 0.046222
4 0.889531 0.109744 0.040875 0.040023
4 0.042225 0.135277 0.031239 0.030148
4 0.047075 0.164833 0.032941 0.030772
0 0.748398 0.341619 0.120647 0.087988
5 0.028494 0.045213 0.032613 0.032851
5 0.031472 0.076575 0.032652 0.028963
5 0.897073 0.069548 0.045884 0.045179
4 0.881469 0.193003 0.049206 0.039094
0 0.790985 0.333388 0.086875 0.099073
2 0.742342 0.379180 0.110488 0.119264
2 0.688222 0.414430 0.145934 0.144880
8 0.313037 0.507331 0.545673 0.985339