0 0.981626 0.346865 0.035869 0.061072
2 0.939588 0.340938 0.059387 0.059043
2 0.887493 0.335565 0.057558 0.056613
5 0.283086 0.277731 0.038826 0.033144
5 0.281192 0.244113 0.038826 0.032197
5 0.280719 0.210023 0.037879 0.034091
4 0.275984 0.175932 0.039773 0.030303
4 0.273617 0.141841 0.036932 0.034091
4 0.267935 0.112011 0.036932 0.027462
6 0.266988 0.181613 0.091856 0.234848
0 0.587948 0.256177 0.031977 0.031977
0 0.556335 0.255087 0.029797 0.029797
8 0.807873 0.221230 0.384255 0.236111
7 0.377790 0.588765 0.296053 0.409539