6 0.305469 0.564063 0.035938 0.037500
0 0.422656 0.512500 0.023438 0.031250
3 0.696094 0.475000 0.289062 0.184375
5 0.341406 0.472656 0.404688 0.185938
6 0.285156 0.562500 0.039062 0.046875
6 0.330469 0.551563 0.035938 0.046875
6 0.347656 0.519531 0.026563 0.035938
6 0.375000 0.518750 0.025000 0.043750
0 0.400781 0.514844 0.029688 0.039062
6 0.690625 0.611719 0.068750 0.073438
6 0.747656 0.610938 0.070312 0.081250
6 0.795313 0.604688 0.071875 0.084375
1 0.750781 0.465625 0.035938 0.021875
7 0.745313 0.362500 0.043750 0.021875
7 0.742969 0.382031 0.039062 0.020313
1 0.751563 0.445312 0.046875 0.021875
6 0.570312 0.477344 0.018750 0.023438
6 0.550000 0.481250 0.025000 0.031250