6 0.306250 0.199219 0.046875 0.045313
6 0.347656 0.197656 0.042188 0.048438
0 0.389844 0.197656 0.035938 0.048438
0 0.425000 0.196094 0.037500 0.042188
6 0.153125 0.314844 0.062500 0.064063
6 0.098438 0.339844 0.071875 0.067187
6 0.092188 0.316406 0.071875 0.064063
3 0.700781 0.353906 0.195312 0.282813
5 0.315625 0.128125 0.612500 0.240625
6 0.345313 0.934375 0.178125 0.121875
6 0.553906 0.959375 0.182813 0.078125
0 0.736719 0.247656 0.045313 0.054688
0 0.808594 0.251563 0.045313 0.056250
1 0.955469 0.155469 0.035938 0.035938
1 0.965625 0.123438 0.040625 0.034375
1 0.975781 0.091406 0.032813 0.035938
7 0.975000 0.057031 0.034375 0.029688
7 0.981250 0.024219 0.037500 0.039062
4 0.950781 0.096875 0.082813 0.190625
6 0.669531 0.128906 0.029688 0.035938
6 0.696875 0.131250 0.028125 0.031250