4 0.273546 0.013517 0.044373 0.026929
5 0.284098 0.086068 0.041346 0.038753
4 0.279014 0.046036 0.043077 0.042345
0 0.619412 0.125770 0.037045 0.037150
0 0.586207 0.125696 0.034232 0.038129
2 0.542349 0.229558 0.049097 0.069903
1 0.723607 0.446454 0.148526 0.151123
1 0.959868 0.412581 0.078696 0.150769
2 0.590816 0.232244 0.073339 0.073780
2 0.506774 0.243356 0.066843 0.070757
1 0.868511 0.433663 0.144033 0.153114
1 0.593088 0.470210 0.152050 0.161484
1 0.449424 0.482435 0.146115 0.153715
0 0.815437 0.345385 0.353618 0.547697
5 0.291045 0.121682 0.037298 0.034274
5 0.295581 0.163013 0.046371 0.036290