6 0.864844 0.367969 0.104688 0.095313
6 0.902344 0.344531 0.082813 0.098438
6 0.966406 0.357031 0.067187 0.101562
0 0.878906 0.155469 0.045313 0.045313
0 0.832813 0.150000 0.046875 0.043750
0 0.070312 0.325781 0.084375 0.073438
0 0.025000 0.336719 0.046875 0.064063
8 0.092188 0.327344 0.181250 0.142187
7 0.495313 0.172656 0.046875 0.042188
7 0.496094 0.128906 0.051563 0.042188
7 0.491406 0.085938 0.045313 0.043750
1 0.493750 0.042188 0.043750 0.043750
1 0.493750 0.010156 0.040625 0.017188
4 0.491406 0.099219 0.079688 0.195312