6 0.452344 0.510938 0.085938 0.084375
6 0.411719 0.492969 0.064063 0.073438
6 0.347656 0.513281 0.085938 0.076563
0 0.444531 0.323438 0.035938 0.040625
0 0.412500 0.332031 0.037500 0.039062
7 0.751563 0.305469 0.046875 0.035938
7 0.753906 0.265625 0.042188 0.037500
7 0.752344 0.227344 0.045313 0.042188
7 0.749219 0.185938 0.042188 0.043750
7 0.748438 0.142969 0.053125 0.039062
7 0.749219 0.100000 0.045313 0.040625
4 0.753125 0.188281 0.093750 0.285938
5 0.143750 0.314063 0.284375 0.281250