0 0.685938 0.418750 0.078125 0.068750
0 0.725000 0.393750 0.068750 0.065625
0 0.662500 0.395313 0.062500 0.062500
8 0.760938 0.290625 0.312500 0.053125
6 0.739844 0.279688 0.048438 0.040625
6 0.775000 0.279688 0.031250 0.034375
6 0.815625 0.276562 0.046875 0.037500
6 0.853906 0.276562 0.035938 0.034375
6 0.068750 0.804688 0.134375 0.168750
6 0.076563 0.703906 0.140625 0.129688
0 0.096875 0.646094 0.137500 0.117188
0 0.117969 0.590625 0.120313 0.103125
5 0.125000 0.303125 0.243750 0.375000
4 0.224219 0.168750 0.095313 0.278125
1 0.242969 0.285938 0.054688 0.037500
1 0.236719 0.248438 0.039062 0.037500
1 0.235156 0.210156 0.042188 0.039062
7 0.229688 0.170313 0.043750 0.040625
7 0.224219 0.128125 0.045313 0.040625
7 0.218750 0.083594 0.050000 0.042188