2 0.802651 0.306191 0.058455 0.073257
0 0.359387 0.216795 0.047250 0.042424
5 0.798558 0.135673 0.040535 0.039786
0 0.312465 0.218321 0.050024 0.041786
4 0.816412 0.018610 0.047737 0.037155
5 0.791504 0.172288 0.040856 0.041904
1 0.420009 0.607885 0.142557 0.156058
0 0.208859 0.221939 0.054544 0.042352
2 0.574878 0.368417 0.068600 0.090307
4 0.810132 0.056328 0.046429 0.042642
5 0.804112 0.096724 0.042652 0.042747
3 0.691411 0.276692 0.190523 0.192958
1 0.557615 0.642154 0.152725 0.155327
1 0.963109 0.794475 0.072141 0.184214
1 0.323910 0.570210 0.135398 0.146678
1 0.689728 0.699536 0.173700 0.182576
1 0.851735 0.739505 0.187649 0.190017
0 0.262760 0.224528 0.041250 0.043750
9 0.280243 0.223459 0.353365 0.076923