0 0.966107 0.572281 0.067067 0.118141
0 0.269980 0.465855 0.101474 0.093241
2 0.357187 0.438385 0.065374 0.076036
0 0.967438 0.678181 0.064387 0.207420
5 0.620119 0.307246 0.036021 0.032005
5 0.617955 0.275090 0.037045 0.033653
5 0.620231 0.338355 0.035846 0.031051
0 0.351285 0.365063 0.056205 0.041212
2 0.394314 0.428475 0.062026 0.072415
2 0.945812 0.364680 0.062779 0.061551
2 0.888602 0.371406 0.071876 0.066409
0 0.327535 0.451039 0.076926 0.084596
4 0.618757 0.241833 0.032095 0.025338
4 0.617913 0.209739 0.035473 0.032095
4 0.614112 0.177644 0.036318 0.025338
6 0.611156 0.245634 0.065878 0.218750
8 0.270723 0.222034 0.541445 0.381944