7 0.821875 0.270313 0.056250 0.050000
7 0.825000 0.228125 0.050000 0.040625
7 0.826563 0.187500 0.050000 0.040625
1 0.826563 0.142969 0.050000 0.048438
1 0.829688 0.096875 0.046875 0.046875
1 0.832813 0.051563 0.046875 0.043750
4 0.827344 0.146094 0.110938 0.289062
0 0.573438 0.247656 0.034375 0.035938
0 0.540625 0.250000 0.034375 0.034375
0 0.947656 0.488281 0.101562 0.110938
0 0.910156 0.451563 0.098438 0.087500
0 0.878125 0.421875 0.081250 0.081250
0 0.851562 0.401563 0.075000 0.081250
8 0.880469 0.488281 0.239063 0.207813
5 0.153125 0.217969 0.303125 0.189063
6 0.202344 0.355469 0.073438 0.057813
6 0.216406 0.339063 0.057813 0.043750
6 0.155469 0.344531 0.051563 0.054688
6 0.065625 0.293750 0.043750 0.037500
6 0.024219 0.290625 0.039062 0.037500