3 0.521094 0.528125 0.354688 0.503125
6 0.964844 0.335156 0.070312 0.079688
6 0.142969 0.351562 0.073438 0.075000
6 0.055469 0.378906 0.085938 0.070312
6 0.078906 0.359375 0.070312 0.071875
8 0.557031 0.211719 0.323438 0.057813
0 0.477344 0.207031 0.048438 0.042188
0 0.520313 0.207813 0.043750 0.037500
0 0.564844 0.209375 0.045313 0.046875
0 0.612500 0.203906 0.046875 0.042188
7 0.029688 0.206250 0.053125 0.037500
7 0.025000 0.167969 0.046875 0.035938
7 0.017969 0.128906 0.032813 0.039062
1 0.014844 0.089063 0.026563 0.031250
1 0.010938 0.049219 0.018750 0.035938