2 0.983595 0.364786 0.031923 0.061656
5 0.615961 0.149701 0.029183 0.036355
5 0.612934 0.184197 0.028486 0.035071
2 0.520868 0.421537 0.088193 0.055545
2 0.544631 0.410527 0.069920 0.073664
5 0.609074 0.219874 0.026271 0.036019
2 0.973151 0.347680 0.052935 0.060896
0 0.517299 0.460938 0.090835 0.085889
0 0.498116 0.501491 0.088130 0.111548
6 0.616277 0.120135 0.046053 0.240271
4 0.617946 0.111320 0.030242 0.024194
4 0.620466 0.077046 0.025202 0.024194
4 0.621978 0.036724 0.032258 0.028226
8 0.393775 0.496857 0.454167 0.972917