3 0.502816 0.316093 0.069894 0.072495
0 0.135881 0.144023 0.033941 0.036667
1 0.649559 0.425562 0.078637 0.103514
4 0.404286 0.016385 0.037272 0.032722
0 0.109460 0.146516 0.041058 0.036508
4 0.405215 0.048588 0.034864 0.034505
5 0.406722 0.082271 0.036491 0.035304
0 0.881738 0.200961 0.044651 0.037047
3 0.654812 0.162083 0.102387 0.115676
1 0.577871 0.158035 0.095156 0.119517
3 0.390940 0.161714 0.107586 0.114025
3 0.813571 0.154293 0.089334 0.099496
1 0.740819 0.155150 0.093904 0.113806
1 0.487962 0.160088 0.098504 0.110542
1 0.602306 0.393158 0.099138 0.093750
3 0.572134 0.358137 0.075431 0.075431
1 0.535496 0.334430 0.077586 0.060345
7 0.583818 0.324399 0.258152 0.315217
8 0.072479 0.111928 0.144959 0.223855