1 0.890625 0.181250 0.056250 0.053125
1 0.906250 0.130469 0.059375 0.057813
1 0.920313 0.082813 0.059375 0.059375
7 0.923438 0.028906 0.056250 0.054688
6 0.613281 0.104688 0.035938 0.037500
6 0.576562 0.103906 0.037500 0.042188
6 0.904688 0.456250 0.100000 0.087500
6 0.941406 0.503125 0.110938 0.093750
6 0.948438 0.564844 0.103125 0.095313
6 0.971875 0.639063 0.056250 0.100000
2 0.886719 0.585938 0.226562 0.371875
5 0.231250 0.092969 0.084375 0.182813
0 0.138281 0.278906 0.073438 0.073438
0 0.163281 0.251563 0.070312 0.062500
0 0.091406 0.248438 0.070312 0.062500
0 0.023438 0.136719 0.043750 0.057813