2 0.206537 0.382729 0.055620 0.065649
2 0.268932 0.370256 0.060211 0.062219
2 0.241586 0.394135 0.069013 0.067463
0 0.263946 0.268027 0.046259 0.032653
0 0.301361 0.263265 0.034014 0.042177
0 0.335374 0.262585 0.031293 0.040816
0 0.368027 0.257823 0.031293 0.034014
0 0.927211 0.774150 0.145578 0.160544
5 0.618367 0.210204 0.023129 0.023129
5 0.619048 0.182313 0.038095 0.029932
5 0.622449 0.153741 0.031293 0.027211
4 0.624490 0.125850 0.038095 0.025850
4 0.621088 0.097959 0.028571 0.029932
4 0.625850 0.068707 0.029932 0.023129
6 0.624490 0.129252 0.054422 0.190476
7 0.851020 0.306122 0.161905 0.307483
2 0.748299 0.283673 0.040816 0.050340
2 0.776871 0.271429 0.032653 0.044898
2 0.806803 0.278231 0.043537 0.047619
8 0.959864 0.178231 0.080272 0.185034