0 0.576032 0.450710 0.041394 0.037712
5 0.861156 0.421992 0.037640 0.031476
4 0.858126 0.324851 0.036293 0.033134
0 0.594963 0.447276 0.029771 0.035828
5 0.861748 0.390344 0.039044 0.033527
5 0.860342 0.357240 0.038757 0.034587
2 0.612700 0.526966 0.064281 0.076750
2 0.647439 0.516343 0.063246 0.072548
0 0.587920 0.539342 0.073486 0.083960
0 0.535861 0.554094 0.095790 0.090750
4 0.856196 0.291706 0.037298 0.033266
4 0.855692 0.258440 0.034274 0.029234
6 0.856700 0.326989 0.064516 0.220766
8 0.444555 0.464020 0.691576 0.625000