6 0.932813 0.346875 0.084375 0.068750
6 0.960156 0.322656 0.064063 0.067187
6 0.362500 0.351562 0.068750 0.075000
6 0.308594 0.366406 0.073438 0.070312
0 0.260937 0.383594 0.081250 0.067187
0 0.199219 0.400000 0.082813 0.075000
0 0.206250 0.831250 0.168750 0.159375
0 0.138281 0.954688 0.223438 0.081250
0 0.078906 0.906250 0.154688 0.146875
0 0.542188 0.185156 0.037500 0.048438
5 0.311719 0.185938 0.620313 0.250000
7 0.880469 0.167188 0.054688 0.037500
7 0.885156 0.130469 0.051563 0.042188
7 0.892188 0.088281 0.050000 0.045313
1 0.894531 0.049219 0.039062 0.039062
1 0.897656 0.014844 0.048438 0.026563