0 0.633594 0.454688 0.042188 0.040625
0 0.673438 0.457031 0.037500 0.042188
7 0.379688 0.489844 0.059375 0.045313
7 0.377344 0.448438 0.067187 0.040625
7 0.377344 0.404688 0.060938 0.046875
1 0.375000 0.360156 0.053125 0.042188
1 0.375781 0.317188 0.051563 0.043750
1 0.378906 0.277344 0.048438 0.035938
4 0.371094 0.368750 0.098438 0.303125
0 0.155469 0.737500 0.151563 0.153125
0 0.228125 0.686719 0.121875 0.110938
0 0.284375 0.652344 0.103125 0.092188
0 0.321875 0.626563 0.078125 0.093750
8 0.214844 0.735156 0.426563 0.251563