5 0.451563 0.288281 0.168750 0.307813
5 0.796094 0.121094 0.407813 0.217188
0 0.382812 0.880469 0.171875 0.173438
0 0.598438 0.878906 0.156250 0.189063
0 0.500781 0.939844 0.207813 0.114063
6 0.800781 0.225781 0.045313 0.042188
6 0.842188 0.232031 0.043750 0.045313
0 0.882031 0.241406 0.042188 0.045313
0 0.923438 0.246875 0.046875 0.043750
0 0.567969 0.158594 0.032813 0.029688
0 0.542188 0.157031 0.025000 0.029688
2 0.037500 0.217188 0.071875 0.043750
7 0.305469 0.158594 0.039062 0.032813
7 0.303906 0.125781 0.035938 0.032813
7 0.303125 0.099219 0.037500 0.032813
1 0.300000 0.065625 0.037500 0.031250
1 0.302344 0.039062 0.032813 0.037500
1 0.301563 0.012500 0.034375 0.021875