0 0.100781 0.418750 0.089063 0.087500
0 0.138281 0.379688 0.076563 0.075000
0 0.064844 0.378125 0.079688 0.068750
6 0.064063 0.199219 0.050000 0.042188
6 0.023438 0.202344 0.043750 0.042188
2 0.115625 0.200000 0.228125 0.071875
6 0.956250 0.293750 0.062500 0.056250
6 0.939844 0.270313 0.057813 0.053125
5 0.797656 0.535156 0.392188 0.920313
6 0.650781 0.925000 0.157813 0.143750
6 0.650781 0.807813 0.129688 0.115625
0 0.642188 0.722656 0.121875 0.089063
0 0.642969 0.638281 0.089063 0.085938