0 0.457813 0.378906 0.056250 0.060938
0 0.489063 0.363281 0.050000 0.057813
0 0.432031 0.367188 0.051563 0.059375
0 0.535938 0.296875 0.043750 0.040625
0 0.573438 0.290625 0.031250 0.043750
6 0.604688 0.289062 0.028125 0.043750
6 0.634375 0.290625 0.031250 0.040625
5 0.571094 0.232813 0.501563 0.212500
6 0.042188 0.291406 0.040625 0.039062
6 0.011719 0.293750 0.020313 0.031250
3 0.970313 0.354688 0.046875 0.234375
6 0.967969 0.310156 0.048438 0.048438
0 0.824219 0.245313 0.026563 0.031250
0 0.852344 0.242969 0.023438 0.029688