6 0.794531 0.892188 0.204688 0.196875
6 0.953125 0.815625 0.093750 0.143750
6 0.938281 0.926563 0.114063 0.137500
3 0.545312 0.327344 0.196875 0.264063
4 0.500000 0.123438 0.075000 0.215625
6 0.818750 0.225781 0.037500 0.029688
6 0.857031 0.227344 0.032813 0.032813
6 0.894531 0.228906 0.042188 0.032813
6 0.938281 0.230469 0.042188 0.026563
0 0.412500 0.284375 0.046875 0.040625
0 0.472656 0.277344 0.048438 0.035938
0 0.442188 0.278125 0.037500 0.050000
0 0.040625 0.288281 0.046875 0.045313
0 0.017188 0.296094 0.031250 0.051563
5 0.121094 0.174219 0.239063 0.204688
2 0.879688 0.234375 0.237500 0.053125
6 0.240625 0.211719 0.025000 0.035938
6 0.262500 0.212500 0.028125 0.031250
7 0.499219 0.056250 0.042188 0.034375
7 0.500781 0.085156 0.042188 0.032813
7 0.503125 0.117188 0.034375 0.031250
1 0.504688 0.142969 0.031250 0.026563
1 0.505469 0.172656 0.032813 0.032813
1 0.506250 0.201563 0.040625 0.028125