5 0.433594 0.407031 0.864063 0.804688
0 0.073438 0.657031 0.106250 0.107813
0 0.157813 0.627344 0.093750 0.095313
0 0.092188 0.597656 0.078125 0.051563
1 0.100781 0.450781 0.045313 0.032813
1 0.098438 0.422656 0.034375 0.035938
1 0.094531 0.391406 0.042188 0.032813
7 0.084375 0.358594 0.046875 0.026563
7 0.077344 0.331250 0.045313 0.034375
7 0.381250 0.454688 0.040625 0.037500
7 0.340625 0.459375 0.043750 0.037500
7 0.308594 0.460938 0.035938 0.034375
7 0.281250 0.460156 0.037500 0.042188
2 0.398438 0.466406 0.346875 0.064063
4 0.971875 0.265625 0.056250 0.387500
1 0.985938 0.424219 0.028125 0.054688
1 0.983594 0.371094 0.032813 0.051563
1 0.983594 0.318750 0.032813 0.059375
7 0.984375 0.257812 0.031250 0.050000
7 0.983594 0.196094 0.032813 0.060938
7 0.981250 0.143750 0.037500 0.040625