0 0.445312 0.431250 0.062500 0.068750
0 0.363281 0.439844 0.070312 0.067187
6 0.081250 0.368750 0.034375 0.043750
6 0.049219 0.371875 0.039062 0.034375
5 0.048438 0.314844 0.093750 0.276562
3 0.676563 0.443750 0.643750 0.578125
1 0.382031 0.361719 0.039062 0.035938
1 0.380469 0.327344 0.042188 0.029688
1 0.381250 0.294531 0.046875 0.035938
7 0.377344 0.262500 0.035938 0.028125
7 0.375781 0.228125 0.039062 0.034375
7 0.379688 0.196875 0.040625 0.025000
4 0.378125 0.268750 0.071875 0.240625
6 0.828125 0.371875 0.050000 0.040625