0 0.330363 0.447614 0.054147 0.051278
2 0.300679 0.386162 0.039560 0.024082
2 0.327687 0.386818 0.030151 0.024067
5 0.874874 0.215375 0.043384 0.032240
0 0.388056 0.455096 0.051948 0.059169
2 0.388361 0.388585 0.036901 0.022984
2 0.355435 0.387756 0.033829 0.023611
5 0.867765 0.289069 0.042813 0.040071
5 0.870332 0.250086 0.045395 0.039798
0 0.345492 0.461953 0.070475 0.062997
4 0.863315 0.365274 0.043239 0.037195
4 0.862973 0.327918 0.039847 0.038779
0 0.684832 0.584435 0.121094 0.100086
4 0.862808 0.402702 0.044980 0.038784
2 0.665395 0.628724 0.121829 0.131169
0 0.732808 0.568260 0.092802 0.101720
2 0.606112 0.668772 0.147232 0.154315
6 0.875383 0.289656 0.077381 0.263393
8 0.431334 0.495564 0.862500 0.985417
10 0.384625 0.396182 0.267663 0.036685