2 0.575507 0.226604 0.052011 0.056261
1 0.516454 0.559407 0.110435 0.140070
2 0.988554 0.366242 0.021590 0.073041
1 0.609471 0.521348 0.120017 0.137316
1 0.305074 0.645965 0.170648 0.165045
2 0.942874 0.361004 0.088098 0.082277
1 0.416582 0.596437 0.145147 0.159310
1 0.685633 0.492219 0.115543 0.118708
1 0.160381 0.717962 0.198764 0.187823
7 0.500000 0.519048 0.341497 0.545578
8 0.497103 0.142826 0.779762 0.285651
2 0.525913 0.218895 0.047500 0.053750
0 0.473413 0.210770 0.050000 0.045000
0 0.428413 0.202020 0.045000 0.055000