2 0.989574 0.416194 0.019220 0.038056
1 0.363672 0.437572 0.061354 0.066444
4 0.690247 0.228101 0.028831 0.027829
2 0.966742 0.406158 0.044805 0.040914
1 0.326413 0.601372 0.066026 0.060704
4 0.686211 0.254371 0.028993 0.028007
1 0.254142 0.424292 0.063215 0.060953
1 0.419552 0.441366 0.059724 0.064426
0 0.198147 0.351391 0.039165 0.039635
0 0.163413 0.355609 0.038461 0.039494
4 0.683430 0.280674 0.030986 0.027475
3 0.478947 0.445118 0.064436 0.061888
3 0.347920 0.567404 0.060959 0.046397
2 0.933264 0.394390 0.044335 0.040900
2 0.128720 0.361045 0.040336 0.040554
2 0.900496 0.383987 0.040307 0.040053
5 0.696625 0.149355 0.029558 0.021936
5 0.693094 0.173351 0.029688 0.029760
2 0.090706 0.365900 0.041139 0.041125
5 0.689036 0.201211 0.028670 0.027781
3 0.199711 0.419556 0.060743 0.063786
3 0.302240 0.636932 0.070073 0.070230
3 0.309863 0.427688 0.049242 0.063447
1 0.370892 0.542259 0.048142 0.043919
1 0.388206 0.516921 0.050676 0.050676
6 0.698850 0.201421 0.061699 0.181090
2 0.446152 0.262462 0.025862 0.029095
2 0.467704 0.260307 0.030172 0.029095
7 0.348645 0.547344 0.187500 0.210000
7 0.624270 0.590469 0.001250 0.001250
8 0.196770 0.275469 0.366250 0.153750
10 0.920573 0.402344 0.158855 0.112500