1 0.607903 0.607219 0.135061 0.143199
5 0.060830 0.011827 0.048921 0.023589
1 0.841981 0.585921 0.128490 0.138752
3 0.552599 0.236704 0.187367 0.186487
0 0.429829 0.080080 0.042335 0.042055
0 0.394275 0.072485 0.037863 0.042959
1 0.331071 0.622374 0.161329 0.179341
1 0.469125 0.606747 0.140464 0.159970
1 0.732094 0.590443 0.131681 0.134489
2 0.862935 0.239362 0.061434 0.064058
0 0.970149 0.267981 0.057646 0.066317
5 0.061552 0.045420 0.048359 0.045172
2 0.809788 0.223276 0.059288 0.055397
0 0.917510 0.253480 0.064248 0.064235
1 0.166433 0.622216 0.171605 0.166098
2 0.107237 0.309208 0.107543 0.103597
2 0.238668 0.208411 0.078872 0.077498
7 0.565886 0.496967 0.321691 0.645221