6 0.468750 0.464844 0.071875 0.067187
6 0.503125 0.451563 0.056250 0.059375
6 0.442969 0.451563 0.054688 0.062500
0 0.517969 0.392969 0.039062 0.042188
0 0.557031 0.393750 0.039062 0.040625
0 0.588281 0.392188 0.026563 0.034375
0 0.620313 0.393750 0.031250 0.031250
8 0.542188 0.398438 0.271875 0.053125
4 0.901563 0.300781 0.075000 0.195312
7 0.889063 0.378906 0.034375 0.026563
7 0.892188 0.351562 0.040625 0.034375
7 0.896094 0.319531 0.039062 0.035938
1 0.897656 0.293750 0.039062 0.028125
1 0.903125 0.266406 0.040625 0.029688
1 0.905469 0.238281 0.032813 0.026563
7 0.030469 0.387500 0.054688 0.037500
7 0.027344 0.347656 0.048438 0.039062
7 0.026563 0.306250 0.050000 0.040625
1 0.025000 0.270313 0.043750 0.037500
1 0.021875 0.231250 0.040625 0.040625
1 0.018750 0.192188 0.034375 0.031250
4 0.030469 0.275781 0.051563 0.273438