2 0.129776 0.230304 0.029336 0.031208
4 0.368710 0.179014 0.026781 0.028324
3 0.300478 0.575973 0.064994 0.047341
1 0.306116 0.611324 0.073918 0.055609
4 0.369523 0.232438 0.030237 0.028059
1 0.293074 0.538586 0.063265 0.037034
2 0.107020 0.234618 0.032998 0.031111
2 0.730124 0.327209 0.037218 0.034827
4 0.369107 0.205260 0.030875 0.026745
2 0.663507 0.314183 0.035377 0.034275
5 0.366307 0.151390 0.029602 0.028325
1 0.370954 0.428850 0.064915 0.069297
2 0.632884 0.309460 0.035047 0.034256
2 0.695950 0.321290 0.036060 0.033968
5 0.367267 0.097301 0.031716 0.021375
3 0.241326 0.438625 0.070180 0.072893
5 0.365655 0.122746 0.030119 0.030824
1 0.307820 0.433733 0.067885 0.071607
3 0.309936 0.658936 0.074872 0.078082
3 0.433496 0.421337 0.064098 0.060974
1 0.172485 0.443011 0.072366 0.074642
3 0.101115 0.447780 0.075011 0.075521
1 0.291670 0.514266 0.055357 0.036607
6 0.366032 0.151905 0.054348 0.195652
10 0.715217 0.314269 0.269022 0.085598
7 0.296059 0.552720 0.175272 0.190217
8 0.046059 0.255166 0.091033 0.179348