3 0.343841 0.139056 0.108945 0.104543
1 0.513864 0.474756 0.081702 0.130832
3 0.434496 0.153713 0.113713 0.108251
3 0.270203 0.128959 0.105200 0.094419
1 0.613011 0.431415 0.099045 0.122358
3 0.526184 0.181397 0.164751 0.141019
1 0.401977 0.518669 0.128793 0.145962
2 0.973514 0.248377 0.051078 0.084940
1 0.680890 0.402170 0.113681 0.107648
1 0.302390 0.569110 0.151220 0.155570
3 0.670750 0.213630 0.211390 0.193672
1 0.169783 0.633799 0.179109 0.160505
2 0.059184 0.137415 0.039456 0.040816
2 0.022449 0.137415 0.034014 0.040816
7 0.473469 0.431293 0.372789 0.489796