0 0.713281 0.668750 0.107813 0.112500
0 0.831250 0.694531 0.118750 0.110938
0 0.932813 0.550781 0.050000 0.051563
0 0.984375 0.547656 0.031250 0.045313
6 0.408594 0.510156 0.039062 0.045313
6 0.379688 0.514844 0.037500 0.054688
6 0.341406 0.514062 0.035938 0.050000
2 0.385156 0.532813 0.167188 0.056250
4 0.552344 0.402344 0.064063 0.210938
1 0.546875 0.484375 0.040625 0.031250
1 0.542969 0.456250 0.032813 0.025000
1 0.546094 0.425000 0.029688 0.031250
7 0.549219 0.400000 0.035938 0.028125
7 0.553125 0.367969 0.031250 0.026563
7 0.556250 0.339063 0.037500 0.025000
6 0.763281 0.489844 0.032813 0.032813
6 0.796094 0.490625 0.032813 0.025000