2 0.971755 0.267730 0.055075 0.039884
2 0.921251 0.262617 0.052104 0.039679
4 0.451851 0.124071 0.034003 0.035826
4 0.449769 0.158468 0.036297 0.035384
2 0.871842 0.256244 0.050453 0.041048
5 0.452544 0.019779 0.038731 0.031332
2 0.826310 0.251604 0.048889 0.040431
5 0.448838 0.089353 0.035304 0.035126
5 0.450079 0.053212 0.035769 0.037927
7 0.486120 0.490115 0.347500 0.448750
8 0.052435 0.163240 0.104870 0.245000
2 0.132272 0.186039 0.032258 0.037298
2 0.157977 0.186543 0.035282 0.030242
4 0.450828 0.190525 0.039315 0.032258