6 0.056250 0.667969 0.109375 0.148438
6 0.084375 0.599219 0.128125 0.117188
0 0.121094 0.555469 0.117188 0.107813
0 0.150781 0.517188 0.101562 0.093750
0 0.724219 0.423438 0.076563 0.075000
0 0.773438 0.406250 0.065625 0.068750
0 0.708594 0.400000 0.060938 0.062500
1 0.325781 0.293750 0.051563 0.037500
1 0.322656 0.257031 0.048438 0.035938
1 0.322656 0.221094 0.048438 0.042188
7 0.323438 0.178906 0.043750 0.039062
7 0.320312 0.139063 0.046875 0.040625
7 0.322656 0.103906 0.045313 0.039062
4 0.320312 0.186719 0.078125 0.279688
6 0.817188 0.313281 0.034375 0.042188
6 0.856250 0.310938 0.037500 0.037500
6 0.900000 0.316406 0.037500 0.045313
6 0.938281 0.308594 0.032813 0.035938
2 0.835938 0.317188 0.328125 0.062500
5 0.150781 0.225781 0.289062 0.445312