6 0.635938 0.672656 0.178125 0.182813
6 0.557813 0.604688 0.162500 0.162500
0 0.503906 0.544531 0.132812 0.126562
0 0.452344 0.506250 0.104688 0.109375
0 0.796094 0.310938 0.079688 0.068750
0 0.750781 0.300000 0.067187 0.065625
0 0.809375 0.289062 0.068750 0.059375
6 0.696875 0.214063 0.043750 0.037500
6 0.729688 0.208594 0.040625 0.032813
6 0.763281 0.206250 0.035938 0.037500
6 0.792969 0.199219 0.035938 0.035938
2 0.696094 0.220313 0.304688 0.053125
4 0.164844 0.148438 0.129688 0.293750
5 0.597656 0.225781 0.804688 0.442188
1 0.188281 0.263281 0.048438 0.045313
1 0.182031 0.224219 0.045313 0.045313
1 0.172656 0.180469 0.048438 0.042188
7 0.167188 0.136719 0.043750 0.042188
7 0.160156 0.090625 0.048438 0.040625
7 0.147656 0.050781 0.051563 0.051563