0 0.542969 0.534375 0.064063 0.068750
0 0.505469 0.525781 0.057813 0.070312
0 0.575000 0.517188 0.050000 0.062500
1 0.938281 0.437500 0.054688 0.046875
1 0.932813 0.402344 0.050000 0.035938
1 0.933594 0.366406 0.051563 0.039062
7 0.928125 0.325781 0.059375 0.042188
7 0.928906 0.285938 0.064063 0.037500
7 0.925000 0.249219 0.059375 0.035938
4 0.928125 0.338281 0.084375 0.264063
4 0.056250 0.409375 0.078125 0.193750
1 0.065625 0.490625 0.046875 0.031250
1 0.067187 0.460938 0.053125 0.031250
1 0.066406 0.434375 0.057813 0.028125
7 0.053125 0.407813 0.034375 0.028125
7 0.053125 0.377344 0.037500 0.029688
7 0.047656 0.350000 0.042188 0.025000
6 0.345313 0.475781 0.034375 0.035938
6 0.381250 0.476562 0.031250 0.034375
6 0.415625 0.475781 0.034375 0.032813
6 0.452344 0.472656 0.035938 0.029688
2 0.438281 0.485156 0.282813 0.042188