0 0.289844 0.629688 0.132812 0.159375
0 0.323438 0.572656 0.109375 0.110938
6 0.317969 0.531250 0.114063 0.078125
6 0.345313 0.508594 0.093750 0.082813
6 0.826563 0.442188 0.071875 0.062500
6 0.789844 0.432813 0.057813 0.059375
6 0.857031 0.435156 0.057813 0.064063
8 0.856250 0.383594 0.287500 0.051563
0 0.848438 0.373438 0.043750 0.043750
0 0.893750 0.371094 0.040625 0.042188
0 0.928906 0.371094 0.039062 0.035938
0 0.964844 0.372656 0.042188 0.042188
5 0.205469 0.500781 0.401563 0.989063
4 0.378125 0.260156 0.056250 0.251563
7 0.377344 0.357813 0.039062 0.031250
7 0.375781 0.321094 0.042188 0.032813
7 0.375000 0.289062 0.037500 0.031250
1 0.375781 0.251563 0.045313 0.040625
1 0.373438 0.214844 0.043750 0.042188
1 0.374219 0.178906 0.051563 0.026563