0 0.550781 0.249219 0.032813 0.032813
0 0.517969 0.250000 0.035938 0.034375
6 0.226562 0.367969 0.065625 0.064063
6 0.238281 0.346094 0.060938 0.054688
6 0.170313 0.351562 0.065625 0.062500
6 0.025000 0.274219 0.046875 0.045313
5 0.146875 0.189844 0.287500 0.235938
4 0.847656 0.172656 0.110938 0.310938
0 0.957813 0.464063 0.084375 0.078125
0 0.979688 0.501563 0.040625 0.090625
8 0.931250 0.518750 0.137500 0.162500
7 0.813281 0.291406 0.051563 0.042188
7 0.824219 0.254688 0.054688 0.043750
7 0.830469 0.211719 0.054688 0.045313
1 0.833594 0.166406 0.057813 0.045313
1 0.842188 0.119531 0.050000 0.042188
1 0.848438 0.080469 0.056250 0.039062