6 0.218750 0.594531 0.075000 0.067187
6 0.162500 0.607813 0.078125 0.078125
0 0.096875 0.621875 0.078125 0.078125
0 0.034375 0.639063 0.065625 0.081250
5 0.251563 0.417188 0.487500 0.306250
4 0.736719 0.360938 0.073438 0.231250
6 0.885156 0.543750 0.082813 0.075000
6 0.790625 0.555469 0.087500 0.070312
6 0.822656 0.543750 0.064063 0.065625
7 0.746094 0.458594 0.039062 0.029688
7 0.745313 0.426563 0.040625 0.040625
7 0.745313 0.392188 0.043750 0.031250
1 0.742188 0.358594 0.034375 0.029688
1 0.741406 0.327344 0.035938 0.032813
1 0.739063 0.292187 0.040625 0.034375
0 0.432813 0.487500 0.037500 0.034375