5 0.578133 0.554018 0.056790 0.052598
5 0.431782 0.128941 0.028140 0.019670
4 0.430331 0.205195 0.027020 0.026636
2 0.144609 0.330473 0.037258 0.034499
5 0.431464 0.178191 0.027518 0.027343
2 0.110008 0.336529 0.038877 0.037384
5 0.432996 0.151794 0.028686 0.027789
2 0.176094 0.324157 0.034538 0.032354
4 0.430480 0.230489 0.026471 0.025467
5 0.564788 0.494197 0.070905 0.071751
4 0.431995 0.256199 0.026267 0.025993
1 0.522618 0.549174 0.055556 0.057346
2 0.075365 0.342947 0.044551 0.038625
2 0.668186 0.266671 0.028425 0.028279
2 0.646734 0.261507 0.024246 0.027741
0 0.904172 0.396649 0.041053 0.042770
1 0.467498 0.547850 0.057398 0.058575
2 0.975917 0.419187 0.045951 0.043184
2 0.941977 0.406999 0.045403 0.041930
1 0.633399 0.555649 0.056837 0.060540
0 0.873037 0.385457 0.040569 0.041358
3 0.689569 0.558471 0.058389 0.058732
6 0.432571 0.179760 0.053977 0.183712
3 0.567883 0.490399 0.062500 0.060714
3 0.574133 0.552452 0.060714 0.056250
1 0.567437 0.460042 0.061607 0.050000
3 0.564312 0.434149 0.066071 0.053571
1 0.562972 0.410934 0.056250 0.046429
1 0.558508 0.392184 0.052679 0.044643
3 0.555383 0.374774 0.055357 0.047321
7 0.552704 0.512720 0.135714 0.217857
8 0.844049 0.279123 0.309476 0.174395
10 0.114352 0.333243 0.228704 0.088750