0 0.603906 0.382812 0.089063 0.093750
0 0.506250 0.395313 0.090625 0.087500
0 0.529687 0.367969 0.075000 0.076563
0 0.970313 0.284375 0.059375 0.071875
5 0.820312 0.164062 0.359375 0.265625
6 0.446094 0.193750 0.039062 0.040625
6 0.407031 0.192188 0.039062 0.043750
1 0.059375 0.222656 0.056250 0.045313
1 0.046875 0.178125 0.059375 0.046875
1 0.042188 0.129688 0.062500 0.053125
7 0.029688 0.076563 0.056250 0.046875
7 0.026563 0.028906 0.050000 0.042188
4 0.048438 0.125781 0.093750 0.248438