6 0.928906 0.579688 0.114063 0.100000
6 0.912500 0.536719 0.100000 0.079688
0 0.869531 0.508594 0.082813 0.076563
0 0.852344 0.477344 0.079688 0.064063
0 0.364844 0.422656 0.060938 0.057813
0 0.380469 0.410938 0.054688 0.050000
0 0.321875 0.412500 0.056250 0.056250
2 0.204688 0.339844 0.284375 0.042188
4 0.658594 0.207813 0.079688 0.231250
6 0.962500 0.327344 0.050000 0.048438
6 0.943750 0.320312 0.050000 0.046875
6 0.074219 0.880469 0.145313 0.164062
1 0.654688 0.303125 0.046875 0.031250
1 0.653906 0.270313 0.045313 0.037500
1 0.653906 0.237500 0.042188 0.028125
7 0.653906 0.204688 0.042188 0.040625
7 0.653906 0.167969 0.045313 0.029688
7 0.655469 0.139063 0.042188 0.034375
5 0.849219 0.275781 0.301563 0.332813
6 0.116406 0.339063 0.035938 0.034375
6 0.150781 0.337500 0.045313 0.031250
6 0.189844 0.333594 0.032813 0.029688
6 0.224219 0.334375 0.035938 0.034375