2 0.625691 0.260536 0.025662 0.040347
2 0.672620 0.276848 0.049565 0.041942
2 0.697482 0.286336 0.030589 0.044399
2 0.645010 0.267606 0.044465 0.039576
2 0.269590 0.171932 0.027935 0.029408
2 0.242264 0.169925 0.029354 0.028879
4 0.501976 0.143573 0.031832 0.027203
0 0.238733 0.375953 0.082835 0.057667
0 0.272185 0.426857 0.103846 0.107262
4 0.497317 0.169895 0.030781 0.032369
0 0.097262 0.225024 0.056290 0.056952
4 0.493167 0.201438 0.032228 0.032098
0 0.042433 0.219738 0.053433 0.051739
0 0.167563 0.429948 0.110549 0.111441
8 0.407052 0.493983 0.814103 0.985577