0 0.347656 0.731250 0.107813 0.106250
0 0.262500 0.727344 0.103125 0.098438
0 0.319531 0.693750 0.079688 0.068750
2 0.088281 0.614844 0.170313 0.076563
6 0.029688 0.610156 0.046875 0.051563
6 0.073438 0.600000 0.053125 0.043750
6 0.108594 0.592969 0.032813 0.032813
0 0.608594 0.560156 0.048438 0.051563
0 0.660156 0.553906 0.039062 0.045313
0 0.881250 0.517969 0.040625 0.039062
1 0.292969 0.534375 0.035938 0.031250
1 0.289844 0.509375 0.039062 0.028125
1 0.287500 0.480469 0.031250 0.029688
7 0.285156 0.451563 0.026563 0.031250
7 0.283594 0.422656 0.039062 0.032813
7 0.279688 0.391406 0.034375 0.029688
4 0.283594 0.457031 0.070312 0.195312
6 0.508594 0.509375 0.026563 0.028125
6 0.536719 0.510156 0.029688 0.029688
3 0.882812 0.526563 0.234375 0.300000
5 0.826563 0.444531 0.328125 0.195312