1 0.388385 0.566278 0.053089 0.057689
4 0.932951 0.292689 0.035630 0.031401
3 0.336287 0.435318 0.062438 0.056476
4 0.922734 0.320760 0.034237 0.031612
1 0.427699 0.546488 0.053907 0.055127
4 0.914517 0.349255 0.036158 0.031249
0 0.335752 0.346987 0.034390 0.037889
2 0.301826 0.346879 0.035680 0.038537
0 0.369499 0.348178 0.035439 0.037343
1 0.386461 0.452109 0.065071 0.057546
5 0.953349 0.205133 0.036697 0.026675
1 0.299900 0.421209 0.045978 0.053887
5 0.944776 0.232457 0.036328 0.033478
2 0.266696 0.346789 0.036123 0.037785
1 0.317715 0.615333 0.066166 0.065189
3 0.357213 0.593471 0.059376 0.067013
5 0.934818 0.262427 0.034979 0.031934
1 0.432412 0.469438 0.064791 0.064356
3 0.251722 0.404208 0.059241 0.048782
3 0.487937 0.488917 0.071323 0.072874
3 0.273327 0.641861 0.070930 0.070387
6 0.944917 0.263285 0.097973 0.203547
2 0.662400 0.296647 0.021115 0.025338
2 0.688160 0.298336 0.025338 0.025338
7 0.365001 0.540397 0.323750 0.295000
8 0.293751 0.280397 0.518750 0.195000
8 0.698751 0.353522 0.001250 0.001250