7 0.486719 0.346875 0.060938 0.043750
7 0.485156 0.302344 0.051563 0.042188
7 0.480469 0.258594 0.051563 0.045313
1 0.483594 0.214063 0.048438 0.046875
1 0.482031 0.171875 0.045313 0.037500
1 0.482813 0.131250 0.050000 0.043750
4 0.482813 0.228125 0.087500 0.293750
0 0.824219 0.327344 0.042188 0.045313
0 0.871875 0.328125 0.050000 0.040625
6 0.828125 0.473438 0.106250 0.100000
6 0.953125 0.468750 0.093750 0.100000
6 0.881250 0.451563 0.087500 0.090625
0 0.025000 0.436719 0.040625 0.064063
8 0.068750 0.435938 0.134375 0.112500