2 0.521979 0.295956 0.037098 0.034518
2 0.488178 0.233480 0.019015 0.020017
0 0.975013 0.318608 0.049020 0.059036
4 0.326251 0.224193 0.035854 0.034244
2 0.630909 0.223913 0.028995 0.032290
4 0.318710 0.156350 0.037471 0.036543
0 0.472629 0.346428 0.061961 0.064897
4 0.321423 0.190438 0.035777 0.034347
5 0.312626 0.051809 0.038256 0.029147
5 0.317195 0.083680 0.037723 0.037631
2 0.604901 0.219975 0.029915 0.033667
5 0.317291 0.119807 0.037136 0.036400
6 0.317007 0.120408 0.076190 0.235374
7 0.606294 0.511715 0.287202 0.458333
8 0.859323 0.191030 0.281355 0.197917