6 0.595313 0.252344 0.040625 0.035938
6 0.632031 0.251563 0.032813 0.037500
6 0.400781 0.556250 0.110938 0.112500
6 0.408594 0.509375 0.107813 0.093750
6 0.432031 0.482031 0.095313 0.085938
6 0.435156 0.444531 0.085938 0.070312
2 0.264844 0.550781 0.526563 0.270313
1 0.363281 0.289844 0.048438 0.042188
1 0.357031 0.246094 0.048438 0.048438
1 0.358594 0.200781 0.045313 0.042188
7 0.356250 0.157031 0.050000 0.045313
7 0.356250 0.109375 0.046875 0.050000
7 0.350781 0.066406 0.048438 0.039062
4 0.346094 0.157813 0.098438 0.312500
5 0.960938 0.205469 0.075000 0.226562