6 0.443750 0.660156 0.118750 0.123438
6 0.453906 0.600781 0.101562 0.073438
0 0.464063 0.566406 0.093750 0.054688
0 0.472656 0.537500 0.085938 0.043750
0 0.940625 0.468750 0.068750 0.065625
0 0.915625 0.449219 0.062500 0.057813
5 0.271875 0.494531 0.537500 0.976562
4 0.514844 0.286719 0.067187 0.235938
1 0.518750 0.383594 0.034375 0.035938
1 0.521094 0.346875 0.035938 0.031250
1 0.522656 0.314063 0.032813 0.028125
7 0.520313 0.280469 0.031250 0.032813
7 0.517188 0.245313 0.037500 0.037500
2 0.926563 0.386719 0.146875 0.057813
6 0.985156 0.382031 0.029688 0.032813