0 0.718750 0.607031 0.100000 0.092188
0 0.803125 0.590625 0.090625 0.087500
0 0.735938 0.557813 0.068750 0.056250
6 0.895313 0.440625 0.037500 0.043750
6 0.932031 0.443750 0.042188 0.043750
6 0.968750 0.448438 0.037500 0.043750
2 0.916406 0.451563 0.167188 0.062500
1 0.706250 0.422656 0.037500 0.039062
1 0.707031 0.396875 0.026563 0.028125
1 0.705469 0.365625 0.042188 0.025000
7 0.700781 0.340625 0.032813 0.031250
7 0.699219 0.311719 0.039062 0.032813
0 0.435938 0.492188 0.046875 0.043750
0 0.382812 0.493750 0.046875 0.046875
6 0.471094 0.436719 0.023438 0.026563
6 0.498438 0.436719 0.021875 0.026563
3 0.136719 0.509375 0.248438 0.300000
5 0.175781 0.419531 0.348438 0.148438