5 0.847551 0.147761 0.029037 0.026643
4 0.858139 0.067465 0.029317 0.027913
4 0.115580 0.141965 0.040144 0.036707
5 0.121221 0.177485 0.039875 0.037050
5 0.982599 0.216294 0.034085 0.040855
5 0.128701 0.212320 0.038209 0.035912
5 0.135026 0.246137 0.037897 0.034950
0 0.378945 0.490626 0.083434 0.069641
2 0.347237 0.472704 0.071504 0.075573
2 0.334979 0.443657 0.073077 0.062230
0 0.397540 0.530547 0.092087 0.091878
4 0.108882 0.105963 0.043103 0.035560
4 0.102416 0.075791 0.040948 0.031250
6 0.109420 0.144756 0.102371 0.246767
5 0.852726 0.118833 0.027872 0.022804
5 0.856526 0.089272 0.032095 0.029561
4 0.862439 0.038174 0.028716 0.025338
8 0.448627 0.494736 0.581845 0.760417