6 0.706250 0.374219 0.068750 0.067187
6 0.687500 0.347656 0.062500 0.060938
6 0.626563 0.360938 0.068750 0.071875
2 0.236719 0.242969 0.314063 0.051563
0 0.152344 0.244531 0.048438 0.039062
0 0.202344 0.244531 0.048438 0.042188
0 0.246875 0.240625 0.050000 0.034375
0 0.293750 0.239063 0.040625 0.043750
7 0.742969 0.202344 0.039062 0.042188
7 0.748438 0.164844 0.043750 0.039062
7 0.754688 0.126562 0.043750 0.037500
1 0.758594 0.087500 0.045313 0.040625
1 0.763281 0.046875 0.045313 0.040625
1 0.769531 0.014844 0.051563 0.026563
3 0.175781 0.589063 0.348438 0.534375